-2.4137049
-2.4121807
-2.4096403
-2.406086
-2.4015188
-2.3959413
-2.3893554
-2.3817651
-2.3731728
-2.3635838
-2.3530016
-2.3414326
-2.3288803
-2.3153524
-2.300854
-2.2853925
-2.268977
-2.251612
-2.2333086
-2.2140725
-2.1939175
-2.1728487
-2.1700873
-2.170087
-2.1700854
-2.1508806
-2.1280196
-2.1042812
-2.079673
-2.054211
-2.0279043
-2.0007694
-1.9728177
-1.9440649
-1.9145253
-1.8842146
-1.8531473
-1.8213422
-1.7888138
-1.755583
-1.7216656
-1.687083
-1.6518524
-1.6159966
-1.5795374
-1.5424964
-1.5048981
-1.4811944
-1.4811938
-1.4811937
-1.4667666
-1.4281273
-1.38901
-1.349441
-1.3094535
-1.2690799
-1.2283556
-1.1873181
-1.1460097
-1.1044765
-1.062768
-1.0209398
-1.0000012
-1.0000007
-1.0000002
-0.99999994
-0.9999999
-0.99999976
-0.99999976
-0.99999976
-0.99999976
-0.99999976
-0.99999976
-0.99999964
-0.99999964
-0.99999964
-0.99999964
-0.99999964
-0.99999964
-0.99999964
-0.9999995
-0.9999995
-0.9999995
-0.9999995
-0.9999995
-0.9999995
-0.9999995
-0.9999995
-0.99999946
-0.9999994
-0.9999994
-0.9999994
-0.9999994
-0.9999994
-0.9999994
-0.9999994
-0.9999994
-0.9999992
-0.97905517
-0.93718386
-0.89540744
-0.85381866
-0.81252694
-0.7716594
-0.7313678
-0.6918342
-0.65327907
-0.6159694
-0.58023095
-0.54645944
-0.51513433
-0.4868238
-0.46218252
-0.4419284
-0.42678595
-0.41739702
-0.31110767
-0.3111075
-0.3111072
-5.17779e-07
-2.3825555e-07
0.31110764
0.31110808
0.31110835
0.4173975
0.42678583
0.44192874
0.46218264
0.4868238
0.5151342
0.54645956
0.5802305
0.61596966
0.6532788
0.6918342
0.73136747
0.7716588
0.81252635
0.85381854
0.8954067
0.9371834
0.9790547
0.9999994
0.9999997
0.99999976
0.9999998
0.9999999
0.9999999
0.99999994
0.99999994
0.99999994
0.99999994
0.99999994
1.0
1.0
1.0
1.0
1.0
1.0
1.0
1.0000001
1.0000001
1.0000001
1.0000001
1.0000001
1.0000001
1.0000001
1.0000001
1.0000001
1.0000001
1.0000001
1.0000001
1.0000001
1.0000002
1.0000002
1.0000002
1.0000005
1.0000005
1.0209394
1.0627676
1.1044763
1.1460098
1.1873178
1.228355
1.2690798
1.3094535
1.3494412
1.3890092
1.4281273
1.4667659
1.4811934
1.4811938
1.4811944
1.5048976
1.5424963
1.5795373
1.6159968
1.6518524
1.6870822
1.7216656
1.7555828
1.7888144
1.821342
1.8531476
1.8842142
1.9145255
1.9440651
1.972818
2.0007694
2.0279047
2.0542102
2.0796733
2.1042805
2.1280198
2.1508799
2.1700861
2.1700864
2.1700866
2.172849
2.1939168
2.214073
2.2333078
2.251612
2.2689764
2.2853932
2.3008544
2.3153524
2.3288805
2.3414326
2.353002
2.3635838
2.373173
2.381765
2.3893554
2.3959413
2.401519
2.4060862
2.4096406
2.4121807
2.4137053
