-2.41268
-2.4080813
-2.4004247
-2.3897202
-2.375983
-2.3592324
-2.339492
-2.3167903
-2.2911596
-2.2626355
-2.2312598
-2.1970768
-2.170087
-2.170087
-2.1700866
-2.1700866
-2.1700866
-2.1700866
-2.1700866
-2.1700866
-2.1700866
-2.1700866
-2.1700866
-2.1700866
-2.1700864
-2.1700864
-2.1700864
-2.170086
-2.170086
-2.170086
-2.1700857
-2.1601367
-2.1204932
-2.0782037
-2.0333316
-1.9859438
-1.9361123
-1.8839133
-1.8294289
-1.7727461
-1.7139568
-1.6531603
-1.5904622
-1.5259755
-1.4811947
-1.4811947
-1.4811945
-1.4811945
-1.4811945
-1.4811945
-1.4811945
-1.4811945
-1.4811945
-1.481194
-1.481194
-1.481194
-1.481194
-1.481194
-1.481194
-1.481194
-1.4811938
-1.4811938
-1.4811938
-1.4598234
-1.392138
-1.3230662
-1.2527702
-1.1814322
-1.1092627
-1.0365074
-1.0000005
-1.0000005
-1.0000005
-1.0
-1.0
-1.0
-1.0
-1.0
-1.0
-1.0
-1.0
-1.0
-1.0
-1.0
-0.9999997
-0.9999997
-0.9999997
-0.9999997
-0.9999997
-0.9999997
-0.9634622
-0.890493
-0.81806654
-0.74679846
-0.67752725
-0.61142904
-0.5501906
-0.496233
-0.4528991
-0.424291
-0.3111083
-0.3111083
-0.31110793
-0.31110793
-0.31110793
-0.31110793
-0.31110793
-0.31110793
-0.31110793
-0.31110793
-0.31110793
-0.31110793
-0.31110758
-0.31110758
-0.31110758
-0.31110758
-0.31110758
-0.31110758
-0.31110758
-2.7084815e-07
2.7084815e-07
0.31110758
0.31110758
0.31110758
0.31110758
0.31110758
0.31110758
0.31110758
0.31110793
0.31110793
0.31110793
0.31110793
0.31110793
0.31110793
0.31110793
0.31110793
0.31110793
0.31110793
0.3111083
0.3111083
0.424291
0.4528991
0.496233
0.5501906
0.61142904
0.67752725
0.74679846
0.81806654
0.890493
0.9634622
0.9999997
0.9999997
0.9999997
0.9999997
0.9999997
0.9999997
1.0
1.0
1.0
1.0
1.0
1.0
1.0
1.0
1.0
1.0
1.0
1.0000005
1.0000005
1.0000005
1.0365074
1.1092627
1.1814322
1.2527702
1.3230662
1.392138
1.4598234
1.4811938
1.4811938
1.4811938
1.481194
1.481194
1.481194
1.481194
1.481194
1.481194
1.481194
1.4811945
1.4811945
1.4811945
1.4811945
1.4811945
1.4811945
1.4811945
1.4811947
1.4811947
1.5259755
1.5904622
1.6531603
1.7139568
1.7727461
1.8294289
1.8839133
1.9361123
1.9859438
2.0333316
2.0782037
2.1204932
2.1601367
2.1700857
2.170086
2.170086
2.170086
2.1700864
2.1700864
2.1700864
2.1700866
2.1700866
2.1700866
2.1700866
2.1700866
2.1700866
2.1700866
2.1700866
2.1700866
2.1700866
2.170087
2.170087
2.1970768
2.2312598
2.2626355
2.2911596
2.3167903
2.339492
2.3592324
2.375983
2.3897202
2.4004247
2.4080813
2.41268
