-2.8265831
-2.8210542
-2.8118465
-2.7989733
-2.7824504
-2.7623003
-2.738548
-2.7112255
-2.6803677
-2.646016
-2.6082137
-2.5670109
-2.5483253
-2.5483253
-2.5483253
-2.5483253
-2.5483253
-2.5483253
-2.5483253
-2.5483248
-2.5483248
-2.5483248
-2.5483248
-2.5483248
-2.5483243
-2.5483243
-2.5483243
-2.5483243
-2.5483243
-2.5483243
-2.5483243
-2.5224614
-2.474623
-2.423558
-2.3693335
-2.3120196
-2.251691
-2.1884272
-2.12231
-2.0534253
-1.9818635
-1.907718
-1.831085
-1.763496
-1.763496
-1.7634958
-1.7634958
-1.7634958
-1.7634956
-1.7634956
-1.7634956
-1.7634956
-1.7634952
-1.7634952
-1.7634952
-1.7634952
-1.7634952
-1.7634952
-1.763495
-1.763495
-1.763495
-1.763495
-1.7520646
-1.6707599
-1.5872769
-1.5017242
-1.4142141
-1.4142141
-1.4142141
-1.4142138
-1.4142138
-1.4142138
-1.4142138
-1.4142138
-1.4142135
-1.4142135
-1.4142135
-1.4142135
-1.4142135
-1.4142135
-1.4142135
-1.4142132
-1.4142132
-1.4142132
-1.4142132
-1.4142132
-1.4142132
-1.324859
-1.2337774
-1.141087
-1.0469089
-0.9513657
-0.8545821
-0.7566844
-0.6578001
-0.6293848
-0.6293845
-0.6293845
-0.6293845
-0.6293845
-0.6293843
-0.6293843
-0.6293843
-0.6293843
-0.6293843
-0.6293843
-0.62938416
-0.62938416
-0.62938416
-0.6293839
-0.6293839
-0.6293839
-0.6293839
-0.6293836
-0.55805814
-0.4575885
-0.35652238
-0.2549914
-0.15312809
-0.051064886
0.051064886
0.15312809
0.2549914
0.35652238
0.4575885
0.55805814
0.6293836
0.6293839
0.6293839
0.6293839
0.6293839
0.62938416
0.62938416
0.62938416
0.6293843
0.6293843
0.6293843
0.6293843
0.6293843
0.6293843
0.6293845
0.6293845
0.6293845
0.6293845
0.6293848
0.6578001
0.7566844
0.8545821
0.9513657
1.0469089
1.141087
1.2337774
1.324859
1.4142132
1.4142132
1.4142132
1.4142132
1.4142132
1.4142132
1.4142135
1.4142135
1.4142135
1.4142135
1.4142135
1.4142135
1.4142135
1.4142138
1.4142138
1.4142138
1.4142138
1.4142138
1.4142141
1.4142141
1.4142141
1.5017242
1.5872769
1.6707599
1.7520646
1.763495
1.763495
1.763495
1.763495
1.7634952
1.7634952
1.7634952
1.7634952
1.7634952
1.7634952
1.7634956
1.7634956
1.7634956
1.7634956
1.7634958
1.7634958
1.7634958
1.763496
1.763496
1.831085
1.907718
1.9818635
2.0534253
2.12231
2.1884272
2.251691
2.3120196
2.3693335
2.423558
2.474623
2.5224614
2.5483243
2.5483243
2.5483243
2.5483243
2.5483243
2.5483243
2.5483243
2.5483248
2.5483248
2.5483248
2.5483248
2.5483248
2.5483253
2.5483253
2.5483253
2.5483253
2.5483253
2.5483253
2.5483253
2.5670109
2.6082137
2.646016
2.6803677
2.7112255
2.738548
2.7623003
2.7824504
2.7989733
2.8118465
2.8210542
2.8265831
