-2.4126801
-2.4080818
-2.4004247
-2.38972
-2.3759828
-2.3592322
-2.3394923
-2.3167906
-2.2911594
-2.2626355
-2.2312596
-2.197077
-2.170087
-2.170087
-2.1700869
-2.1700869
-2.1700869
-2.1700869
-2.1700869
-2.1700864
-2.1700864
-2.1700864
-2.1700864
-2.1700864
-2.1700861
-2.1700861
-2.1700861
-2.1700861
-2.1700861
-2.1700861
-2.1700861
-2.160137
-2.1204927
-2.0782034
-2.0333316
-1.9859438
-1.9361124
-1.8839133
-1.8294291
-1.7727461
-1.7139568
-1.6531603
-1.5904622
-1.5259755
-1.4811949
-1.4811949
-1.4811946
-1.4811946
-1.4811946
-1.4811946
-1.4811946
-1.4811945
-1.4811943
-1.4811943
-1.4811943
-1.4811941
-1.4811941
-1.4811941
-1.4811941
-1.4811939
-1.4811939
-1.4811939
-1.4811939
-1.4598233
-1.3921381
-1.3230665
-1.2527701
-1.1814324
-1.1092626
-1.0365072
-1.0000004
-1.0000004
-1.0000004
-1.0000004
-1.0000001
-1.0000001
-1.0000001
-1.0000001
-1.0000001
-1.0000001
-1.0000001
-1.0000001
-0.99999994
-0.99999994
-0.99999994
-0.99999994
-0.99999976
-0.99999976
-0.99999976
-0.99999964
-0.96346223
-0.8904928
-0.8180666
-0.7467985
-0.67752707
-0.6114291
-0.5501907
-0.4962331
-0.45289913
-0.42429093
-0.31110826
-0.31110808
-0.31110808
-0.31110808
-0.31110808
-0.31110808
-0.3111079
-0.3111079
-0.3111079
-0.3111079
-0.31110772
-0.31110772
-0.31110772
-0.31110772
-0.31110772
-0.31110772
-0.31110755
-0.31110755
-0.31110755
-2.6054718e-07
2.6054718e-07
0.31110755
0.31110755
0.31110755
0.31110772
0.31110772
0.31110772
0.31110772
0.31110772
0.31110772
0.3111079
0.3111079
0.3111079
0.3111079
0.31110808
0.31110808
0.31110808
0.31110808
0.31110808
0.31110826
0.42429093
0.45289913
0.4962331
0.5501907
0.6114291
0.67752707
0.7467985
0.8180666
0.8904928
0.96346223
0.99999964
0.99999976
0.99999976
0.99999976
0.99999994
0.99999994
0.99999994
0.99999994
1.0000001
1.0000001
1.0000001
1.0000001
1.0000001
1.0000001
1.0000001
1.0000001
1.0000004
1.0000004
1.0000004
1.0000004
1.0365072
1.1092626
1.1814324
1.2527701
1.3230665
1.3921381
1.4598233
1.4811939
1.4811939
1.4811939
1.4811939
1.4811941
1.4811941
1.4811941
1.4811941
1.4811943
1.4811943
1.4811943
1.4811945
1.4811946
1.4811946
1.4811946
1.4811946
1.4811946
1.4811949
1.4811949
1.5259755
1.5904622
1.6531603
1.7139568
1.7727461
1.8294291
1.8839133
1.9361124
1.9859438
2.0333316
2.0782034
2.1204927
2.160137
2.1700861
2.1700861
2.1700861
2.1700861
2.1700861
2.1700861
2.1700861
2.1700864
2.1700864
2.1700864
2.1700864
2.1700864
2.1700869
2.1700869
2.1700869
2.1700869
2.1700869
2.170087
2.170087
2.197077
2.2312596
2.2626355
2.2911594
2.3167906
2.3394923
2.3592322
2.3759828
2.38972
2.4004247
2.4080818
2.4126801
