-2.413777
-2.4124691
-2.4102893
-2.4072392
-2.4033194
-2.398532
-2.3928788
-2.3863616
-2.3789833
-2.3707476
-2.361657
-2.3517148
-2.3409257
-2.3292947
-2.3168252
-2.3035235
-2.2893937
-2.2744424
-2.2586763
-2.242101
-2.224723
-2.2065508
-2.18759
-2.1678507
-2.14734
-2.1260664
-2.1040385
-2.0812676
-2.057761
-2.03353
-2.0085847
-1.9829366
-1.9565957
-1.9295743
-1.9018843
-1.8735383
-1.844549
-1.8149297
-1.7846949
-1.7538579
-1.7224338
-1.6904371
-1.6578853
-1.6247938
-1.5911791
-1.5570602
-1.5224557
-1.4873836
-1.4518647
-1.41592
-1.3795736
-1.3428464
-1.3057656
-1.2683554
-1.2306473
-1.1926682
-1.1544545
-1.1160381
-1.0774624
-1.0387661
-1.0000007
-0.9999999
-0.99999976
-0.99999976
-0.99999976
-0.99999976
-0.99999964
-0.99999964
-0.99999964
-0.99999964
-0.99999964
-0.99999964
-0.99999964
-0.99999964
-0.99999964
-0.99999964
-0.99999964
-0.99999964
-0.99999964
-0.9999995
-0.9999995
-0.9999995
-0.9999995
-0.9999995
-0.9999995
-0.9999995
-0.9999995
-0.9999995
-0.9999994
-0.9999994
-0.9999994
-0.9999994
-0.9999994
-0.9999994
-0.9999994
-0.9999994
-0.9999994
-0.9999993
-0.9999993
-0.99999917
-0.96121526
-0.92247176
-0.8838389
-0.8453932
-0.80722356
-0.76943684
-0.73215485
-0.69552064
-0.6597097
-0.6249256
-0.591418
-0.5594828
-0.529475
-0.50181246
-0.47697783
-0.4555123
-0.43798852
-0.42496717
-0.41693148
-1.133573e-06
-1.9160211e-07
0.41693187
0.42496717
0.43798912
0.45551264
0.47697842
0.50181246
0.52947545
0.55948305
0.5914184
0.62492585
0.6597096
0.695521
0.73215485
0.76943755
0.807225
0.84539306
0.88383937
0.92247236
0.9612154
0.9999997
0.9999998
0.9999998
0.9999998
0.9999998
0.9999999
0.9999999
0.9999999
0.9999999
0.9999999
0.9999999
0.99999994
0.99999994
1.0
1.0
1.0
1.0
1.0
1.0
1.0
1.0
1.0000001
1.0000001
1.0000001
1.0000001
1.0000001
1.0000001
1.0000001
1.0000001
1.0000001
1.0000001
1.0000001
1.0000001
1.0000001
1.0000002
1.0000002
1.0000002
1.0000002
1.0000002
1.0000002
1.0387669
1.0774622
1.1160394
1.1544542
1.192669
1.2306473
1.2683563
1.3057655
1.3428472
1.3795736
1.415921
1.451865
1.4873837
1.5224557
1.557061
1.5911797
1.624794
1.6578858
1.6904379
1.7224339
1.7538583
1.7846951
1.8149303
1.8445493
1.8735385
1.9018844
1.9295743
1.9565954
1.9829363
2.008585
2.0335302
2.0577612
2.0812676
2.1040392
2.1260667
2.1473403
2.167851
2.1875906
2.2065506
2.2247233
2.242101
2.2586763
2.274443
2.289394
2.3035233
2.3168254
2.3292947
2.3409262
2.3517148
2.3616567
2.3707476
2.3789835
2.3863616
2.3928785
2.3985322
2.4033196
2.4072394
2.4102895
2.4124694
2.4137774
