-2.4126801
-2.4080818
-2.4004247
-2.38972
-2.375983
-2.3592327
-2.3394916
-2.3167899
-2.2911599
-2.2626364
-2.23126
-2.1970766
-2.1700904
-2.170089
-2.1700888
-2.1700888
-2.170088
-2.1700878
-2.1700876
-2.1700873
-2.1700869
-2.1700869
-2.1700866
-2.1700864
-2.1700861
-2.170086
-2.1700857
-2.170085
-2.1700845
-2.1700838
-2.1700835
-2.1601367
-2.1204932
-2.0782034
-2.033332
-1.9859445
-1.9361131
-1.8839128
-1.8294294
-1.7727468
-1.7139571
-1.6531599
-1.5904629
-1.525976
-1.4811954
-1.4811951
-1.481195
-1.4811947
-1.4811945
-1.4811944
-1.4811944
-1.481194
-1.4811939
-1.4811939
-1.4811937
-1.4811935
-1.4811934
-1.4811932
-1.4811932
-1.481193
-1.481193
-1.4811924
-1.481192
-1.4598229
-1.3921382
-1.3230665
-1.25277
-1.1814327
-1.1092622
-1.0365074
-1.0000011
-1.0000008
-1.0000005
-1.0000001
-1.0
-0.99999994
-0.99999994
-0.99999964
-0.9999996
-0.9999996
-0.9999994
-0.9999994
-0.99999934
-0.9999993
-0.9999991
-0.9999991
-0.99999905
-0.99999887
-0.9999986
-0.99999845
-0.9634621
-0.89049315
-0.8180666
-0.74679875
-0.6775279
-0.611429
-0.5501909
-0.49623346
-0.45289922
-0.42429137
-0.3111084
-0.3111082
-0.31110817
-0.3111081
-0.3111081
-0.311108
-0.31110793
-0.3111079
-0.3111078
-0.3111077
-0.31110767
-0.3111076
-0.31110752
-0.3111075
-0.31110734
-0.31110722
-0.31110716
-0.311107
-0.31110686
-6.735165e-07
4.9995674e-07
0.31110728
0.31110737
0.31110755
0.31110767
0.3111077
0.3111077
0.31110772
0.31110787
0.31110796
0.311108
0.31110802
0.31110814
0.31110817
0.3111082
0.31110823
0.31110823
0.31110826
0.31110832
0.31110835
0.424291
0.4528991
0.49623287
0.55019057
0.611429
0.67752707
0.7467984
0.8180665
0.8904929
0.96346223
0.99999934
0.9999995
0.9999997
0.9999997
0.99999976
0.99999994
0.99999994
0.99999994
1.0
1.0
1.0000001
1.0000001
1.0000001
1.0000001
1.0000002
1.0000002
1.0000005
1.0000005
1.0000007
1.000001
1.0365071
1.1092622
1.1814321
1.2527701
1.3230662
1.3921381
1.4598231
1.4811935
1.4811938
1.4811938
1.4811939
1.4811939
1.481194
1.481194
1.4811943
1.4811943
1.4811943
1.4811944
1.4811944
1.4811946
1.4811946
1.4811946
1.4811947
1.4811947
1.4811947
1.481195
1.5259755
1.590462
1.6531602
1.7139567
1.7727458
1.8294289
1.8839135
1.9361122
1.9859438
2.0333314
2.0782037
2.120493
2.1601367
2.1700854
2.1700861
2.1700861
2.1700861
2.1700861
2.1700864
2.1700864
2.1700864
2.1700866
2.1700866
2.1700866
2.1700866
2.1700869
2.1700869
2.1700869
2.1700869
2.170087
2.170087
2.170087
2.197077
2.2312598
2.2626357
2.2911594
2.3167906
2.3394923
2.3592324
2.3759828
2.38972
2.4004247
2.4080815
2.4126801
