-2.413395
-2.4109387
-2.4068477
-2.4011245
-2.393773
-2.3920615
-2.3848
-2.374211
-2.3620148
-2.34822
-2.3328373
-2.3260386
-2.3158786
-2.2973573
-2.2772877
-2.2556832
-2.2325618
-2.2174358
-2.2079406
-2.1818397
-2.17009
-2.1700866
-2.1700861
-2.1700852
-2.1700852
-2.1700847
-2.1542795
-2.1252806
-2.094868
-2.0683978
-2.0630617
-2.0298908
-1.9953811
-1.9595611
-1.9224584
-1.8841044
-1.8819162
-1.8445337
-1.803777
-1.7618725
-1.7188547
-1.6747653
-1.6618416
-1.6296427
-1.5835321
-1.5364778
-1.4885283
-1.4811949
-1.4811945
-1.4811945
-1.4811944
-1.4811943
-1.4811943
-1.4397347
-1.4129975
-1.3901515
-1.3398376
-1.288856
-1.2372756
-1.1851718
-1.1415654
-1.1326292
-1.0797412
-1.0266144
-1.0000001
-0.9999999
-0.9999999
-0.99999976
-0.99999976
-0.9999997
-0.99999964
-0.99999964
-0.99999964
-0.99999964
-0.99999964
-0.99999964
-0.9999995
-0.9999995
-0.9999995
-0.9999995
-0.9999995
-0.9999995
-0.9999995
-0.9999995
-0.9999995
-0.9999995
-0.9999995
-0.9999995
-0.9999995
-0.9999994
-0.9999994
-0.9999993
-0.9999993
-0.99999917
-0.99999857
-0.9999983
-0.97337365
-0.920161
-0.8671484
-0.85666156
-0.81454134
-0.76259446
-0.71162295
-0.66202736
-0.6143217
-0.57889104
-0.56916666
-0.5274205
-0.4901688
-0.4587462
-0.43466616
-0.41943693
-0.3111082
-0.31110814
-0.31110808
-0.311108
-0.31110778
-0.31110755
-0.015663624
-6.100038e-07
1.1559491e-06
0.015663147
0.3111075
0.31110758
0.31110767
0.31110778
0.3111079
0.31110817
0.41943634
0.43466604
0.4587456
0.4901687
0.5274204
0.56916666
0.57889247
0.6143209
0.66202736
0.7116227
0.762594
0.81454146
0.8566624
0.8671479
0.9201608
0.9733732
0.99999905
0.99999934
0.9999995
0.99999976
0.99999976
0.9999998
0.99999994
0.99999994
0.99999994
0.99999994
0.99999994
0.99999994
1.0
1.0
1.0
1.0
1.0
1.0
1.0000001
1.0000001
1.0000001
1.0000001
1.0000001
1.0000001
1.0000001
1.0000001
1.0000002
1.0000002
1.0000002
1.0000002
1.0000002
1.0000004
1.0266145
1.0797409
1.1326292
1.1415662
1.1851718
1.2372754
1.2888557
1.3398374
1.3901516
1.4129983
1.4397348
1.4811941
1.4811943
1.4811944
1.4811945
1.4811946
1.4811947
1.4885283
1.5364776
1.5835319
1.6296426
1.6618426
1.6747644
1.7188547
1.7618716
1.8037766
1.8445327
1.8819163
1.8841043
1.9224576
1.95956
1.9953809
2.0298908
2.0630617
2.0683985
2.0948668
2.1252806
2.1542792
2.1700861
2.1700861
2.1700864
2.1700864
2.1700866
2.1700869
2.1818397
2.2079403
2.2174358
2.2325609
2.2556822
2.2772865
2.2973573
2.3158789
2.3260381
2.3328376
2.3482199
2.3620145
2.374211
2.3848
2.3920617
2.3937733
2.4011245
2.4068477
2.4109387
2.4133947
