-2.4126801
-2.4080815
-2.4004247
-2.392062
-2.3920612
-2.3897202
-2.375983
-2.3592324
-2.339492
-2.3260386
-2.3260384
-2.3167906
-2.2911594
-2.2626355
-2.2312596
-2.2174356
-2.2174356
-2.197077
-2.170087
-2.1700869
-2.1700869
-2.1700864
-2.1700864
-2.1700861
-2.1700861
-2.1700861
-2.1700861
-2.1601367
-2.120493
-2.0782037
-2.0683985
-2.0683982
-2.0333316
-1.9859439
-1.9361122
-1.8839135
-1.8819163
-1.881916
-1.8294291
-1.7727458
-1.7139567
-1.6618425
-1.6618421
-1.6531601
-1.590462
-1.5259755
-1.4811945
-1.4811945
-1.4811945
-1.4811945
-1.481194
-1.481194
-1.481194
-1.481194
-1.4811938
-1.4598234
-1.412998
-1.412998
-1.392138
-1.3230664
-1.2527701
-1.1814322
-1.1415658
-1.1415658
-1.1092627
-1.0365071
-1.0000002
-1.0000002
-1.0000002
-1.0000002
-1.0000002
-1.0000002
-1.0000002
-0.99999994
-0.99999994
-0.99999994
-0.99999994
-0.99999994
-0.99999994
-0.99999994
-0.99999994
-0.99999994
-0.99999994
-0.99999994
-0.99999994
-0.9999996
-0.9999996
-0.9999996
-0.9999996
-0.9999996
-0.9999996
-0.9999996
-0.9999996
-0.9999992
-0.9634623
-0.8904931
-0.8566621
-0.85666174
-0.81806654
-0.7467985
-0.6775272
-0.6114289
-0.578892
-0.57889175
-0.5501906
-0.4962331
-0.45289934
-0.4242912
-0.31110787
-0.31110787
-0.31110787
-0.31110787
-0.31110787
-0.31110787
-0.3111077
-0.3111077
-0.3111075
-0.015663262
-0.015663262
-2.7603707e-07
2.7603707e-07
0.015663262
0.015663262
0.3111075
0.3111077
0.3111077
0.31110787
0.31110787
0.31110787
0.31110787
0.31110787
0.31110787
0.4242912
0.45289934
0.4962331
0.5501906
0.57889175
0.578892
0.6114289
0.6775272
0.7467985
0.81806654
0.85666174
0.8566621
0.8904931
0.9634623
0.9999992
0.9999996
0.9999996
0.9999996
0.9999996
0.9999996
0.9999996
0.9999996
0.9999996
0.99999994
0.99999994
0.99999994
0.99999994
0.99999994
0.99999994
0.99999994
0.99999994
0.99999994
0.99999994
0.99999994
0.99999994
1.0000002
1.0000002
1.0000002
1.0000002
1.0000002
1.0000002
1.0000002
1.0365071
1.1092627
1.1415658
1.1415658
1.1814322
1.2527701
1.3230664
1.392138
1.412998
1.412998
1.4598234
1.4811938
1.481194
1.481194
1.481194
1.481194
1.4811945
1.4811945
1.4811945
1.4811945
1.5259755
1.590462
1.6531601
1.6618421
1.6618425
1.7139567
1.7727458
1.8294291
1.881916
1.8819163
1.8839135
1.9361122
1.9859439
2.0333316
2.0683982
2.0683985
2.0782037
2.120493
2.1601367
2.1700861
2.1700861
2.1700861
2.1700861
2.1700864
2.1700864
2.1700869
2.1700869
2.170087
2.197077
2.2174356
2.2174356
2.2312596
2.2626355
2.2911594
2.3167906
2.3260384
2.3260386
2.339492
2.3592324
2.375983
2.3897202
2.3920612
2.392062
2.4004247
2.4080815
2.4126801
