-2.3162658
-2.3162658
-2.3162658
-2.3162658
-2.3162658
-2.3162653
-2.3162653
-2.3162653
-2.3162653
-2.3162653
-2.3162653
-2.3162653
-2.3162653
-2.3162653
-2.3162653
-2.3162653
-2.316265
-2.316265
-2.316265
-2.316265
-2.0303223
-2.0303223
-2.0303218
-2.0303218
-2.0303218
-2.0303218
-2.0303218
-2.0303218
-2.0303218
-2.0303218
-2.0303218
-2.0303218
-2.0303218
-2.0303218
-2.0303218
-2.0303218
-2.0303218
-2.0303218
-2.0303216
-2.0303216
-1.579425
-1.5794247
-1.5794247
-1.5794247
-1.5794247
-1.5794247
-1.5794244
-1.5794244
-1.5794244
-1.5794244
-1.5794244
-1.5794244
-1.5794244
-1.5794244
-1.5794244
-1.5794244
-1.5794244
-1.5794244
-1.5794244
-1.5794241
-1.0000005
-1.0000005
-1.0000005
-1.0000005
-1.0000005
-1.0000005
-1.0000005
-1.0000005
-1.0000005
-1.0000005
-1.0000005
-1.0000005
-1.0000001
-1.0000001
-1.0000001
-1.0000001
-1.0000001
-1.0000001
-1.0000001
-1.0000001
-0.9999999
-0.9999999
-0.9999999
-0.9999999
-0.9999999
-0.9999999
-0.99999976
-0.99999976
-0.99999976
-0.99999976
-0.99999976
-0.99999976
-0.99999976
-0.99999976
-0.99999976
-0.9999995
-0.9999995
-0.9999995
-0.9999995
-0.9999995
-0.13463208
-0.13463208
-0.13463208
-0.13463187
-0.13463187
-0.13463187
-0.13463187
-0.13463187
-0.13463187
-0.13463187
-0.13463187
-0.13463187
-0.13463187
-0.13463187
-0.1346317
-0.1346317
-0.1346317
-0.1346317
-0.1346317
-0.1346317
0.1346317
0.1346317
0.1346317
0.1346317
0.1346317
0.1346317
0.13463187
0.13463187
0.13463187
0.13463187
0.13463187
0.13463187
0.13463187
0.13463187
0.13463187
0.13463187
0.13463187
0.13463208
0.13463208
0.13463208
0.9999995
0.9999995
0.9999995
0.9999995
0.9999995
0.99999976
0.99999976
0.99999976
0.99999976
0.99999976
0.99999976
0.99999976
0.99999976
0.99999976
0.9999999
0.9999999
0.9999999
0.9999999
0.9999999
0.9999999
1.0000001
1.0000001
1.0000001
1.0000001
1.0000001
1.0000001
1.0000001
1.0000001
1.0000001
1.0000005
1.0000005
1.0000005
1.0000005
1.0000005
1.0000005
1.0000005
1.0000005
1.0000005
1.0000005
1.0000005
1.5794241
1.5794244
1.5794244
1.5794244
1.5794244
1.5794244
1.5794244
1.5794244
1.5794244
1.5794244
1.5794244
1.5794244
1.5794244
1.5794244
1.5794247
1.5794247
1.5794247
1.5794247
1.5794247
1.579425
2.0303216
2.0303216
2.0303218
2.0303218
2.0303218
2.0303218
2.0303218
2.0303218
2.0303218
2.0303218
2.0303218
2.0303218
2.0303218
2.0303218
2.0303218
2.0303218
2.0303218
2.0303218
2.0303223
2.0303223
2.316265
2.316265
2.316265
2.316265
2.3162653
2.3162653
2.3162653
2.3162653
2.3162653
2.3162653
2.3162653
2.3162653
2.3162653
2.3162653
2.3162653
2.3162658
2.3162658
2.3162658
2.3162658
2.3162658
