-2.8020837
-2.8020833
-2.8020828
-2.8020828
-2.8020828
-2.723542
-2.7235415
-2.7235415
-2.7235415
-2.723541
-2.5942652
-2.5942652
-2.5942652
-2.5942652
-2.5942647
-2.5483253
-2.5483248
-2.5483248
-2.5483248
-2.5483248
-2.5483248
-2.5483248
-2.5483248
-2.5483248
-2.5483248
-2.5483248
-2.5483248
-2.5483248
-2.5483243
-2.5483243
-2.4166634
-2.416663
-2.416663
-2.416663
-2.416663
-2.194043
-2.194043
-2.194043
-2.194043
-2.194043
-1.9305519
-1.9305519
-1.9305519
-1.9305516
-1.9305516
-1.7634958
-1.7634958
-1.7634958
-1.7634956
-1.7634956
-1.7634956
-1.7634956
-1.7634952
-1.7634952
-1.7634952
-1.7634952
-1.7634952
-1.7634952
-1.763495
-1.763495
-1.6310984
-1.6310984
-1.6310984
-1.6310982
-1.6310982
-1.4142141
-1.4142141
-1.4142139
-1.4142139
-1.4142139
-1.4142139
-1.4142139
-1.4142135
-1.4142135
-1.4142135
-1.4142135
-1.4142133
-1.4142133
-1.4142133
-1.4142133
-1.4142133
-1.4142131
-1.4142131
-1.4142131
-1.4142131
-1.3012604
-1.3012604
-1.3012604
-1.3012604
-1.3012604
-0.94718266
-0.94718266
-0.94718266
-0.9471824
-0.9471824
-0.6293843
-0.6293843
-0.6293843
-0.6293843
-0.6293843
-0.6293843
-0.6293843
-0.6293843
-0.6293843
-0.6293843
-0.6293839
-0.6293839
-0.6293839
-0.6293839
-0.6293839
-0.5754607
-0.5754603
-0.5754603
-0.5754603
-0.5754603
-0.19301875
-0.19301875
-0.19301844
-0.19301844
-0.19301844
0.19301844
0.19301844
0.19301844
0.19301875
0.19301875
0.5754603
0.5754603
0.5754603
0.5754603
0.5754607
0.6293839
0.6293839
0.6293839
0.6293839
0.6293839
0.6293843
0.6293843
0.6293843
0.6293843
0.6293843
0.6293843
0.6293843
0.6293843
0.6293843
0.6293843
0.9471824
0.9471824
0.94718266
0.94718266
0.94718266
1.3012604
1.3012604
1.3012604
1.3012604
1.3012604
1.4142131
1.4142131
1.4142131
1.4142131
1.4142133
1.4142133
1.4142133
1.4142133
1.4142133
1.4142135
1.4142135
1.4142135
1.4142135
1.4142139
1.4142139
1.4142139
1.4142139
1.4142139
1.4142141
1.4142141
1.6310982
1.6310982
1.6310984
1.6310984
1.6310984
1.763495
1.763495
1.7634952
1.7634952
1.7634952
1.7634952
1.7634952
1.7634952
1.7634956
1.7634956
1.7634956
1.7634956
1.7634958
1.7634958
1.7634958
1.9305516
1.9305516
1.9305519
1.9305519
1.9305519
2.194043
2.194043
2.194043
2.194043
2.194043
2.416663
2.416663
2.416663
2.416663
2.4166634
2.5483243
2.5483243
2.5483248
2.5483248
2.5483248
2.5483248
2.5483248
2.5483248
2.5483248
2.5483248
2.5483248
2.5483248
2.5483248
2.5483248
2.5483253
2.5942647
2.5942652
2.5942652
2.5942652
2.5942652
2.723541
2.7235415
2.7235415
2.7235415
2.723542
2.8020828
2.8020828
2.8020828
2.8020833
2.8020837
