-2.392062
-2.3920615
-2.3920615
-2.3920615
-2.3920615
-2.3260384
-2.3260384
-2.326038
-2.326038
-2.326038
-2.2174356
-2.2174356
-2.2174356
-2.2174356
-2.2174356
-2.170087
-2.1700866
-2.1700866
-2.1700866
-2.1700866
-2.1700866
-2.1700866
-2.1700866
-2.1700866
-2.1700866
-2.1700866
-2.1700861
-2.1700861
-2.1700861
-2.1700861
-2.0683982
-2.0683982
-2.0683982
-2.0683982
-2.0683982
-1.881916
-1.881916
-1.881916
-1.881916
-1.881916
-1.6618423
-1.6618423
-1.6618423
-1.6618423
-1.6618423
-1.4811947
-1.4811947
-1.4811947
-1.4811947
-1.4811944
-1.4811944
-1.4811944
-1.4811941
-1.4811941
-1.4811941
-1.4811941
-1.4811941
-1.4811941
-1.4811938
-1.4811938
-1.4129982
-1.4129982
-1.4129982
-1.4129982
-1.4129978
-1.1415658
-1.1415658
-1.1415658
-1.1415658
-1.1415658
-1.0000007
-1.0000005
-1.0000005
-1.0000005
-1.0000005
-1.0000001
-1.0000001
-1.0000001
-1.0000001
-1.0000001
-1.0000001
-1.0000001
-0.9999999
-0.9999999
-0.9999999
-0.9999999
-0.99999976
-0.99999976
-0.99999976
-0.9999995
-0.8566619
-0.8566619
-0.8566619
-0.8566619
-0.8566619
-0.5788922
-0.5788922
-0.5788922
-0.5788922
-0.5788922
-0.31110805
-0.31110805
-0.31110805
-0.31110805
-0.31110805
-0.31110805
-0.31110805
-0.3111077
-0.3111077
-0.3111077
-0.3111077
-0.3111077
-0.3111077
-0.3111077
-0.3111077
-0.015663546
-0.015663546
-0.015663546
-0.015663546
-0.015663546
0.015663546
0.015663546
0.015663546
0.015663546
0.015663546
0.3111077
0.3111077
0.3111077
0.3111077
0.3111077
0.3111077
0.3111077
0.3111077
0.31110805
0.31110805
0.31110805
0.31110805
0.31110805
0.31110805
0.31110805
0.5788922
0.5788922
0.5788922
0.5788922
0.5788922
0.8566619
0.8566619
0.8566619
0.8566619
0.8566619
0.9999995
0.99999976
0.99999976
0.99999976
0.9999999
0.9999999
0.9999999
0.9999999
0.9999999
0.99999994
1.0000001
1.0000001
1.0000001
1.0000001
1.0000001
1.0000005
1.0000005
1.0000005
1.0000005
1.0000007
1.1415658
1.1415658
1.1415658
1.1415658
1.1415658
1.4129978
1.4129982
1.4129982
1.4129982
1.4129982
1.4811938
1.4811938
1.4811941
1.4811941
1.4811941
1.4811941
1.4811941
1.4811941
1.4811944
1.4811944
1.4811944
1.4811947
1.4811947
1.4811947
1.4811947
1.6618423
1.6618423
1.6618423
1.6618423
1.6618423
1.881916
1.881916
1.881916
1.881916
1.881916
2.0683982
2.0683982
2.0683982
2.0683982
2.0683982
2.1700861
2.1700861
2.1700861
2.1700861
2.1700866
2.1700866
2.1700866
2.1700866
2.1700866
2.1700866
2.1700866
2.1700866
2.1700866
2.1700866
2.170087
2.2174356
2.2174356
2.2174356
2.2174356
2.2174356
2.326038
2.326038
2.326038
2.3260384
2.3260384
2.3920615
2.3920615
2.3920615
2.3920615
2.392062
