-2.4142134
-2.412407
-2.412407
-2.406991
-2.4069905
-2.397974
-2.397973
-2.3853714
-2.3853707
-2.3692036
-2.3692036
-2.349499
-2.3494987
-2.326291
-2.3262906
-2.2996192
-2.2996185
-2.2695274
-2.2695267
-2.2360682
-2.2360675
-2.199299
-2.1992989
-2.159284
-2.1592839
-2.116093
-2.1160924
-2.069802
-2.0698016
-2.0204935
-2.0204928
-1.9682564
-1.968256
-1.9131868
-1.9131864
-1.855388
-1.8553874
-1.7949696
-1.7949693
-1.7320508
-1.7320507
-1.6667587
-1.6667583
-1.59923
-1.5992296
-1.5296134
-1.5296133
-1.4580699
-1.4580699
-1.3847777
-1.3847772
-1.3099319
-1.3099314
-1.2337548
-1.2337548
-1.1564997
-1.1564997
-1.0784636
-1.0784633
-1.0000008
-1.0000002
-1.0000002
-0.9999999
-0.9999999
-0.99999976
-0.99999976
-0.99999976
-0.99999976
-0.99999976
-0.99999976
-0.99999976
-0.99999976
-0.99999964
-0.99999964
-0.99999964
-0.99999964
-0.99999964
-0.99999964
-0.9999995
-0.9999995
-0.9999995
-0.9999995
-0.9999995
-0.9999995
-0.9999995
-0.9999995
-0.9999995
-0.9999995
-0.9999995
-0.9999995
-0.99999946
-0.9999994
-0.9999994
-0.9999994
-0.9999994
-0.9999994
-0.9999994
-0.9999994
-0.9999994
-0.9999994
-0.9999993
-0.921546
-0.921546
-0.84365547
-0.8436554
-0.76705223
-0.7670522
-0.69271404
-0.6927138
-0.62199205
-0.62199193
-0.55678177
-0.55678165
-0.4997223
-0.49972215
-0.4543081
-0.4543077
-0.4246081
-0.42460808
-0.41421413
0.41421366
0.4246081
0.42460826
0.45430797
0.454308
0.49972242
0.4997227
0.55678165
0.55678177
0.6219922
0.62199235
0.69271415
0.6927142
0.76705235
0.7670524
0.8436554
0.8436555
0.9215459
0.92154616
0.99999964
0.99999964
0.9999998
0.9999999
0.9999999
0.99999994
0.99999994
0.99999994
0.99999994
0.99999994
0.99999994
0.99999994
0.99999994
1.0
1.0
1.0
1.0
1.0
1.0
1.0
1.0
1.0
1.0000001
1.0000001
1.0000001
1.0000001
1.0000001
1.0000001
1.0000001
1.0000001
1.0000001
1.0000001
1.0000002
1.0000002
1.0000002
1.0000002
1.0000002
1.0000002
1.0000002
1.0000002
1.0000004
1.0000005
1.0784634
1.0784637
1.1565
1.1565001
1.2337549
1.2337549
1.3099316
1.3099318
1.3847771
1.3847772
1.4580699
1.4580699
1.5296133
1.5296133
1.5992299
1.5992299
1.6667583
1.6667585
1.7320508
1.7320509
1.7949694
1.7949696
1.8553876
1.8553878
1.9131867
1.9131868
1.9682561
1.9682562
2.020493
2.020493
2.0698016
2.0698018
2.116093
2.116093
2.159284
2.159284
2.1992989
2.199299
2.236068
2.236068
2.269527
2.2695272
2.2996185
2.2996187
2.326291
2.326291
2.3494995
2.3494995
2.3692036
2.3692038
2.3853707
2.385371
2.3979735
2.3979738
2.4069908
2.4069908
2.412407
2.412407
2.4142134
