-2.822111
-2.822111
-2.8031905
-2.8031905
-2.7717502
-2.7717502
-2.7279308
-2.7279308
-2.6719277
-2.6719277
-2.6039913
-2.6039913
-2.5483253
-2.5483253
-2.5483253
-2.5483253
-2.5483253
-2.5483248
-2.5483248
-2.5483248
-2.5483248
-2.5483248
-2.5483248
-2.5483248
-2.5483248
-2.5483246
-2.5483246
-2.5483246
-2.5483246
-2.5483246
-2.5244243
-2.5244243
-2.433583
-2.433583
-2.3318727
-2.3318727
-2.2197478
-2.2197478
-2.097709
-2.097709
-1.966301
-1.966301
-1.8261114
-1.8261112
-1.7634962
-1.7634959
-1.7634959
-1.7634959
-1.7634959
-1.7634956
-1.7634956
-1.7634956
-1.7634956
-1.7634956
-1.7634956
-1.7634953
-1.7634953
-1.7634953
-1.7634951
-1.7634951
-1.7634951
-1.7634948
-1.6777656
-1.6777656
-1.5219266
-1.5219266
-1.4142145
-1.4142143
-1.4142139
-1.4142139
-1.4142139
-1.4142137
-1.4142137
-1.4142137
-1.4142137
-1.4142137
-1.4142137
-1.4142137
-1.4142137
-1.4142137
-1.4142137
-1.4142133
-1.4142133
-1.4142133
-1.4142133
-1.4142131
-1.3592906
-1.3592904
-1.1905835
-1.1905835
-1.0165589
-1.0165589
-0.8379941
-0.83799386
-0.6556865
-0.65568626
-0.62938476
-0.6293845
-0.6293845
-0.6293845
-0.6293845
-0.6293845
-0.6293843
-0.6293843
-0.6293843
-0.62938416
-0.62938416
-0.62938416
-0.62938416
-0.6293839
-0.6293839
-0.6293839
-0.6293839
-0.6293839
-0.4704504
-0.4704504
-0.28311336
-0.28311336
-0.094511844
-0.094511844
0.094511844
0.094511844
0.28311336
0.28311336
0.4704504
0.4704504
0.6293839
0.6293839
0.6293839
0.6293839
0.6293839
0.62938416
0.62938416
0.62938416
0.62938416
0.6293843
0.6293843
0.6293843
0.6293845
0.6293845
0.6293845
0.6293845
0.6293845
0.62938476
0.65568626
0.6556865
0.83799386
0.8379941
1.0165589
1.0165589
1.1905835
1.1905835
1.3592904
1.3592906
1.4142131
1.4142133
1.4142133
1.4142133
1.4142133
1.4142133
1.4142137
1.4142137
1.4142137
1.4142137
1.4142137
1.4142137
1.4142137
1.4142137
1.4142137
1.4142139
1.4142139
1.4142139
1.4142143
1.4142145
1.5219266
1.5219266
1.6777656
1.6777656
1.7634948
1.7634951
1.7634951
1.7634951
1.7634953
1.7634953
1.7634953
1.7634956
1.7634956
1.7634956
1.7634956
1.7634956
1.7634956
1.7634959
1.7634959
1.7634959
1.7634959
1.7634962
1.8261112
1.8261114
1.966301
1.966301
2.097709
2.097709
2.2197478
2.2197478
2.3318727
2.3318727
2.433583
2.433583
2.5244243
2.5244243
2.5483246
2.5483246
2.5483246
2.5483246
2.5483246
2.5483248
2.5483248
2.5483248
2.5483248
2.5483248
2.5483248
2.5483248
2.5483248
2.5483253
2.5483253
2.5483253
2.5483253
2.5483253
2.6039913
2.6039913
2.6719277
2.6719277
2.7279308
2.7279308
2.7717502
2.7717502
2.8031905
2.8031905
2.822111
2.822111
