-2.41268
-2.4080815
-2.4004245
-2.3897202
-2.3759828
-2.3592322
-2.3394923
-2.3167903
-2.2911596
-2.2626355
-2.2312598
-2.1970768
-2.1700876
-2.170087
-2.170087
-2.1700869
-2.1700869
-2.1700869
-2.1700869
-2.1700869
-2.1700869
-2.1700864
-2.1700864
-2.1700864
-2.1700864
-2.1700864
-2.1700861
-2.1700861
-2.1700861
-2.1700861
-2.1700857
-2.160137
-2.1204927
-2.0782034
-2.0333314
-1.9859438
-1.9361122
-1.8839133
-1.8294289
-1.7727461
-1.7139568
-1.6531603
-1.590462
-1.5259755
-1.4811947
-1.4811945
-1.4811945
-1.4811945
-1.4811945
-1.4811945
-1.4811945
-1.4811945
-1.4811945
-1.4811945
-1.4811945
-1.4811945
-1.481194
-1.481194
-1.481194
-1.481194
-1.481194
-1.481194
-1.4811938
-1.4598234
-1.3921382
-1.3230665
-1.2527702
-1.1814325
-1.1092627
-1.0365074
-1.0000005
-1.0000005
-1.0000005
-1.0000005
-1.0000002
-1.0000002
-1.0000002
-1.0000002
-1.0000002
-1.0000002
-1.0
-1.0
-0.9999999
-0.9999999
-0.9999999
-0.9999999
-0.99999964
-0.99999964
-0.99999964
-0.99999964
-0.96346194
-0.89049286
-0.81806654
-0.74679846
-0.677527
-0.61142915
-0.5501906
-0.49623287
-0.45289928
-0.42429084
-0.31110826
-0.311108
-0.311108
-0.311108
-0.311108
-0.311108
-0.311108
-0.311108
-0.311108
-0.311108
-0.31110764
-0.31110764
-0.31110764
-0.31110764
-0.31110764
-0.31110764
-0.31110764
-0.31110764
-0.31110728
-2.6891416e-07
2.6891416e-07
0.31110728
0.31110764
0.31110764
0.31110764
0.31110764
0.31110764
0.31110764
0.31110764
0.31110764
0.311108
0.311108
0.311108
0.311108
0.311108
0.311108
0.311108
0.311108
0.311108
0.31110826
0.42429084
0.45289928
0.49623287
0.5501906
0.61142915
0.677527
0.74679846
0.81806654
0.89049286
0.96346194
0.99999964
0.99999964
0.99999964
0.99999964
0.9999999
0.9999999
0.9999999
0.9999999
1.0
1.0
1.0000002
1.0000002
1.0000002
1.0000002
1.0000002
1.0000002
1.0000005
1.0000005
1.0000005
1.0000005
1.0365074
1.1092627
1.1814325
1.2527702
1.3230665
1.3921382
1.4598234
1.4811938
1.481194
1.481194
1.481194
1.481194
1.481194
1.481194
1.4811945
1.4811945
1.4811945
1.4811945
1.4811945
1.4811945
1.4811945
1.4811945
1.4811945
1.4811945
1.4811945
1.4811947
1.5259755
1.590462
1.6531603
1.7139568
1.7727461
1.8294289
1.8839133
1.9361122
1.9859438
2.0333314
2.0782034
2.1204927
2.160137
2.1700857
2.1700861
2.1700861
2.1700861
2.1700861
2.1700864
2.1700864
2.1700864
2.1700864
2.1700864
2.1700869
2.1700869
2.1700869
2.1700869
2.1700869
2.1700869
2.170087
2.170087
2.1700876
2.1970768
2.2312598
2.2626355
2.2911596
2.3167903
2.3394923
2.3592322
2.3759828
2.3897202
2.4004245
2.4080815
2.41268
