-2.413755
-2.4123802
-2.410089
-2.4068837
-2.4027643
-2.3977332
-2.3917923
-2.3849444
-2.3771915
-2.3685386
-2.358987
-2.3485432
-2.3372102
-2.3249934
-2.3118978
-2.297929
-2.2830927
-2.2673953
-2.2508447
-2.2334468
-2.2152092
-2.196141
-2.17625
-2.1700869
-2.1555436
-2.134032
-2.111726
-2.0886333
-2.0647647
-2.0401323
-2.0147455
-1.9886162
-1.9617574
-1.9341805
-1.9058998
-1.8769267
-1.8472764
-1.8169625
-1.7859995
-1.7544038
-1.7221901
-1.6893756
-1.655977
-1.6220124
-1.5875003
-1.5524597
-1.5169103
-1.481196
-1.4808741
-1.4443707
-1.4074264
-1.3700631
-1.3323076
-1.2941868
-1.2557306
-1.2169695
-1.1779366
-1.1386695
-1.0992084
-1.0595951
-1.0198789
-1.0000001
-0.99999976
-0.99999976
-0.99999964
-0.99999964
-0.99999964
-0.99999964
-0.99999964
-0.99999964
-0.99999964
-0.99999964
-0.99999964
-0.9999995
-0.9999995
-0.9999995
-0.9999995
-0.9999995
-0.9999995
-0.9999995
-0.99999946
-0.9999994
-0.9999994
-0.9999994
-0.9999994
-0.9999994
-0.9999994
-0.9999994
-0.9999994
-0.9999994
-0.9999994
-0.9999994
-0.9999994
-0.9999994
-0.9999994
-0.9999994
-0.9999994
-0.9999993
-0.99999917
-0.98011446
-0.9403622
-0.90068984
-0.86117744
-0.82191515
-0.7830086
-0.74458265
-0.706784
-0.66978884
-0.6338086
-0.5990968
-0.5659597
-0.5347662
-0.50595236
-0.48003006
-0.4575746
-0.43920398
-0.42552707
-0.41707465
-0.31110835
-1.6090962e-07
2.4648114e-07
0.31110716
0.41707492
0.42552722
0.43920434
0.45757532
0.4800309
0.50595284
0.5347662
0.5659598
0.5990969
0.6338086
0.66978943
0.7067841
0.7445829
0.7830086
0.8219155
0.8611777
0.90069056
0.9403627
0.98011506
0.99999934
0.99999964
0.99999976
0.9999999
0.9999999
0.99999994
0.99999994
0.99999994
0.99999994
0.99999994
0.99999994
0.99999994
0.99999994
0.99999994
1.0
1.0
1.0
1.0
1.0
1.0
1.0
1.0
1.0
1.0
1.0
1.0
1.0
1.0000001
1.0000001
1.0000001
1.0000001
1.0000001
1.0000001
1.0000002
1.0000002
1.0000002
1.0000002
1.0000004
1.0198798
1.0595952
1.0992081
1.1386701
1.1779372
1.2169694
1.255731
1.2941874
1.3323082
1.3700637
1.4074265
1.4443716
1.4808742
1.4811941
1.5169108
1.5524604
1.5875012
1.6220133
1.655978
1.6893764
1.7221909
1.7544043
1.7860003
1.816963
1.8472769
1.8769275
1.9059004
1.9341817
1.9617581
1.9886172
2.0147457
2.0401325
2.0647655
2.0886335
2.1117263
2.1340332
2.1555443
2.1700864
2.1762502
2.1961417
2.2152102
2.2334473
2.2508452
2.267396
2.283093
2.2979288
2.3118978
2.3249934
2.3372104
2.3485434
2.3589873
2.3685384
2.3771918
2.3849442
2.3917923
2.3977332
2.4027646
2.406884
2.4100895
2.4123805
2.4137552
