-2.4126801
-2.4080815
-2.4004245
-2.3897202
-2.375983
-2.3592324
-2.3394926
-2.3167906
-2.2911596
-2.2626355
-2.2312598
-2.197077
-2.1700873
-2.1700869
-2.1700866
-2.1700866
-2.1700866
-2.1700866
-2.1700866
-2.1700866
-2.1700866
-2.1700866
-2.1700866
-2.1700866
-2.1700866
-2.1700861
-2.1700861
-2.1700861
-2.1700861
-2.1700861
-2.170086
-2.1601367
-2.1204927
-2.0782037
-2.0333316
-1.9859438
-1.9361126
-1.8839135
-1.8294289
-1.7727461
-1.7139568
-1.6531601
-1.590462
-1.5259755
-1.4811949
-1.4811949
-1.4811949
-1.4811946
-1.4811946
-1.4811945
-1.4811945
-1.4811945
-1.4811943
-1.4811943
-1.4811943
-1.4811943
-1.4811941
-1.4811941
-1.4811941
-1.4811941
-1.4811941
-1.4811941
-1.4811939
-1.4598234
-1.3921381
-1.3230662
-1.2527704
-1.1814324
-1.1092626
-1.0365074
-1.0000006
-1.0000004
-1.0000004
-1.0000004
-1.0000004
-1.0000002
-1.0000002
-1.0
-1.0
-1.0
-1.0
-0.9999999
-0.9999999
-0.9999999
-0.9999999
-0.99999964
-0.99999964
-0.99999964
-0.9999995
-0.9999995
-0.9634619
-0.8904929
-0.8180665
-0.7467985
-0.67752707
-0.611429
-0.5501908
-0.49623308
-0.45289934
-0.42429093
-0.31110814
-0.31110814
-0.31110814
-0.31110796
-0.31110796
-0.31110796
-0.31110796
-0.31110778
-0.31110778
-0.31110778
-0.31110778
-0.31110778
-0.31110778
-0.3111076
-0.3111076
-0.3111076
-0.3111076
-0.31110743
-0.31110725
-2.6546206e-07
2.6546206e-07
0.31110725
0.31110743
0.3111076
0.3111076
0.3111076
0.3111076
0.31110778
0.31110778
0.31110778
0.31110778
0.31110778
0.31110778
0.31110796
0.31110796
0.31110796
0.31110796
0.31110814
0.31110814
0.31110814
0.42429093
0.45289934
0.49623308
0.5501908
0.611429
0.67752707
0.7467985
0.8180665
0.8904929
0.9634619
0.9999995
0.9999995
0.99999964
0.99999964
0.99999964
0.9999999
0.9999999
0.9999999
0.9999999
1.0
1.0
1.0
1.0
1.0000002
1.0000002
1.0000004
1.0000004
1.0000004
1.0000004
1.0000006
1.0365074
1.1092626
1.1814324
1.2527704
1.3230662
1.3921381
1.4598234
1.4811939
1.4811941
1.4811941
1.4811941
1.4811941
1.4811941
1.4811941
1.4811943
1.4811943
1.4811943
1.4811943
1.4811945
1.4811945
1.4811945
1.4811946
1.4811946
1.4811949
1.4811949
1.4811949
1.5259755
1.590462
1.6531601
1.7139568
1.7727461
1.8294289
1.8839135
1.9361126
1.9859438
2.0333316
2.0782037
2.1204927
2.1601367
2.170086
2.1700861
2.1700861
2.1700861
2.1700861
2.1700861
2.1700866
2.1700866
2.1700866
2.1700866
2.1700866
2.1700866
2.1700866
2.1700866
2.1700866
2.1700866
2.1700866
2.1700869
2.1700873
2.197077
2.2312598
2.2626355
2.2911596
2.3167906
2.3394926
2.3592324
2.375983
2.3897202
2.4004245
2.4080815
2.4126801
