-2.4103682
-2.3988457
-2.392062
-2.3920617
-2.3920617
-2.3796866
-2.3529575
-2.3260381
-2.3260381
-2.3260381
-2.3187523
-2.277192
-2.2284238
-2.2174356
-2.2174356
-2.2174356
-2.1726215
-2.170087
-2.170087
-2.1700869
-2.1700864
-2.1700864
-2.1700864
-2.1700861
-2.1700861
-2.1700861
-2.1700861
-2.1700861
-2.1700857
-2.109986
-2.0683982
-2.0683982
-2.0683982
-2.0407455
-1.9651551
-1.883499
-1.8819162
-1.8819162
-1.8819162
-1.7960912
-1.7032778
-1.6618423
-1.6618423
-1.6618423
-1.6054413
-1.5030075
-1.4811946
-1.4811946
-1.4811946
-1.4811943
-1.4811943
-1.4811943
-1.4811943
-1.4811943
-1.481194
-1.481194
-1.481194
-1.481194
-1.412998
-1.412998
-1.412998
-1.396454
-1.2863283
-1.173276
-1.1415658
-1.1415658
-1.1415658
-1.0580872
-1.0000005
-1.0000005
-1.0000005
-1.0000005
-1.0000005
-1.0000005
-1.0000001
-1.0000001
-1.0000001
-1.0000001
-1.0000001
-1.0000001
-1.0000001
-1.0000001
-0.9999999
-0.9999999
-0.9999999
-0.99999976
-0.99999976
-0.99999976
-0.99999976
-0.99999976
-0.9999995
-0.9999995
-0.9417901
-0.8566622
-0.85666186
-0.85666186
-0.8258174
-0.7123498
-0.6050345
-0.57889235
-0.5788921
-0.5788918
-0.5104978
-0.44091898
-0.3111081
-0.3111081
-0.3111081
-0.3111078
-0.3111078
-0.3111078
-0.3111078
-0.3111078
-0.3111078
-0.31110764
-0.31110764
-0.31110764
-0.01566341
-0.01566341
-0.01566341
-6.107702e-05
6.107702e-05
0.01566341
0.01566341
0.01566341
0.31110764
0.31110764
0.31110764
0.3111078
0.3111078
0.3111078
0.3111078
0.3111078
0.3111078
0.3111081
0.3111081
0.3111081
0.44091898
0.5104978
0.5788918
0.5788921
0.57889235
0.6050345
0.7123498
0.8258174
0.85666186
0.85666186
0.8566622
0.9417901
0.9999995
0.9999995
0.99999976
0.99999976
0.99999976
0.99999976
0.99999976
0.9999999
0.9999999
0.9999999
0.9999999
1.0000001
1.0000001
1.0000001
1.0000001
1.0000001
1.0000001
1.0000001
1.0000005
1.0000005
1.0000005
1.0000005
1.0000005
1.0000005
1.0580872
1.1415658
1.1415658
1.1415658
1.173276
1.2863283
1.396454
1.412998
1.412998
1.412998
1.481194
1.481194
1.481194
1.481194
1.4811943
1.4811943
1.4811943
1.4811943
1.4811943
1.4811946
1.4811946
1.4811946
1.5030075
1.6054413
1.6618423
1.6618423
1.6618423
1.7032778
1.7960912
1.8819162
1.8819162
1.8819162
1.883499
1.9651551
2.0407455
2.0683982
2.0683982
2.0683982
2.109986
2.1700857
2.1700861
2.1700861
2.1700861
2.1700861
2.1700861
2.1700864
2.1700864
2.1700864
2.1700869
2.170087
2.170087
2.1726215
2.2174356
2.2174356
2.2174356
2.2284238
2.277192
2.3187523
2.3260381
2.3260381
2.3260381
2.3529575
2.3796866
2.3920617
2.3920617
2.392062
2.3988457
2.4103682
