-2.4134943
-2.411339
-2.407747
-2.4027224
-2.396267
-2.388387
-2.379085
-2.36837
-2.3562465
-2.3427253
-2.327813
-2.3115208
-2.2938597
-2.2748415
-2.2544768
-2.232784
-2.2097733
-2.1854622
-2.17009
-2.170088
-2.170088
-2.170088
-2.1700873
-2.170087
-2.170086
-2.1700854
-2.1700852
-2.1598678
-2.1330082
-2.1048987
-2.0755637
-2.0450199
-2.0132902
-1.9803956
-1.9463637
-1.9112146
-1.8749774
-1.8376777
-1.7993433
-1.7600043
-1.7196915
-1.6784365
-1.6362731
-1.5932362
-1.5493641
-1.5046942
-1.481195
-1.4811947
-1.4811946
-1.481194
-1.4811939
-1.4811935
-1.4811932
-1.4811932
-1.4811924
-1.4592702
-1.4131329
-1.366332
-1.3189156
-1.2709386
-1.22246
-1.1735446
-1.1242623
-1.0746932
-1.0249257
-1.0000005
-1.0
-0.9999998
-0.9999998
-0.99999976
-0.99999976
-0.99999976
-0.99999964
-0.99999964
-0.99999964
-0.99999964
-0.9999995
-0.9999995
-0.9999995
-0.9999995
-0.99999946
-0.99999946
-0.9999994
-0.9999994
-0.9999994
-0.9999994
-0.9999994
-0.9999994
-0.9999994
-0.9999993
-0.9999993
-0.99999917
-0.99999917
-0.999999
-0.99999887
-0.975065
-0.9252262
-0.8755517
-0.82620454
-0.7773864
-0.7293415
-0.68237567
-0.6368706
-0.5933111
-0.55231166
-0.5146494
-0.48128486
-0.45335865
-0.43212128
-0.41877437
-0.31110838
-0.3111081
-0.31110793
-0.3111079
-0.31110778
-0.31110743
-0.31110722
-0.31110698
-0.31110668
-3.3599008e-09
1.3824092e-08
0.3111076
0.31110775
0.31110778
0.31110787
0.31110793
0.31110817
0.31110817
0.3111082
0.31110844
0.418774
0.43212092
0.45335805
0.4812845
0.5146488
0.5523113
0.5933105
0.63687027
0.6823751
0.7293415
0.77738535
0.8262043
0.8755511
0.92522657
0.9750644
0.9999993
0.9999995
0.99999964
0.99999976
0.9999998
0.9999998
0.9999998
0.9999998
0.9999998
0.9999998
0.9999999
0.9999999
0.9999999
0.99999994
0.99999994
0.99999994
0.99999994
0.99999994
1.0
1.0000001
1.0000001
1.0000001
1.0000001
1.0000001
1.0000001
1.0000001
1.0000002
1.0000005
1.0000007
1.000001
1.024926
1.0746928
1.124262
1.1735442
1.2224603
1.2709389
1.3189151
1.3663312
1.4131325
1.4592692
1.4811939
1.481194
1.4811941
1.4811943
1.4811944
1.4811945
1.4811947
1.4811947
1.481195
1.504694
1.5493634
1.5932357
1.6362722
1.6784358
1.7196909
1.760004
1.799343
1.8376771
1.8749771
1.9112146
1.9463627
1.9803957
2.013289
2.045019
2.0755627
2.104899
2.1330073
2.1598678
2.170086
2.1700861
2.1700861
2.1700864
2.1700866
2.1700866
2.1700866
2.1700869
2.1700869
2.1854622
2.2097728
2.232783
2.2544773
2.2748406
2.2938592
2.3115208
2.327813
2.342725
2.356247
2.3683696
2.3790853
2.3883865
2.3962672
2.4027221
2.407747
2.4113388
2.4134948
