-2.170087
-2.170087
-2.170087
-2.170087
-2.1700866
-2.1700866
-2.1700866
-2.1700866
-2.1700866
-2.1700866
-2.1700866
-2.1700866
-2.1700866
-2.1700866
-2.1700866
-2.1700866
-2.1700866
-2.1700866
-2.1700866
-2.1700866
-2.1700866
-2.1700866
-2.1700866
-2.1700866
-2.1700866
-2.1700864
-2.1700864
-2.1700864
-2.1700864
-2.1700864
-2.1700864
-2.1700864
-2.1700864
-2.1700864
-2.170086
-2.170086
-2.170086
-2.170086
-2.1700857
-2.1700857
-1.481195
-1.481195
-1.4811945
-1.4811945
-1.4811945
-1.4811945
-1.4811945
-1.4811945
-1.4811945
-1.4811945
-1.4811945
-1.4811945
-1.4811945
-1.4811945
-1.4811945
-1.4811943
-1.4811943
-1.4811943
-1.4811943
-1.4811943
-1.4811943
-1.4811943
-1.4811943
-1.4811943
-1.4811943
-1.4811943
-1.4811943
-1.4811943
-1.4811943
-1.4811943
-1.4811943
-1.4811943
-1.4811943
-1.4811939
-1.4811939
-1.4811939
-1.4811939
-1.4811939
-1.4811939
-1.4811937
-0.31110823
-0.31110823
-0.31110823
-0.31110823
-0.31110787
-0.31110787
-0.31110787
-0.31110787
-0.31110787
-0.31110787
-0.31110787
-0.31110787
-0.31110787
-0.31110787
-0.31110787
-0.31110787
-0.31110787
-0.31110787
-0.31110787
-0.31110787
-0.31110787
-0.31110787
-0.31110787
-0.31110787
-0.31110787
-0.31110787
-0.31110787
-0.31110787
-0.31110787
-0.31110752
-0.31110752
-0.31110752
-0.31110752
-0.31110752
-0.31110752
-0.31110752
-0.31110752
-0.31110752
-0.31110752
-0.31110752
0.31110752
0.31110752
0.31110752
0.31110752
0.31110752
0.31110752
0.31110752
0.31110752
0.31110752
0.31110752
0.31110752
0.31110787
0.31110787
0.31110787
0.31110787
0.31110787
0.31110787
0.31110787
0.31110787
0.31110787
0.31110787
0.31110787
0.31110787
0.31110787
0.31110787
0.31110787
0.31110787
0.31110787
0.31110787
0.31110787
0.31110787
0.31110787
0.31110787
0.31110787
0.31110787
0.31110787
0.31110823
0.31110823
0.31110823
0.31110823
1.4811937
1.4811939
1.4811939
1.4811939
1.4811939
1.4811939
1.4811939
1.4811943
1.4811943
1.4811943
1.4811943
1.4811943
1.4811943
1.4811943
1.4811943
1.4811943
1.4811943
1.4811943
1.4811943
1.4811943
1.4811943
1.4811943
1.4811943
1.4811943
1.4811943
1.4811945
1.4811945
1.4811945
1.4811945
1.4811945
1.4811945
1.4811945
1.4811945
1.4811945
1.4811945
1.4811945
1.4811945
1.4811945
1.481195
1.481195
2.1700857
2.1700857
2.170086
2.170086
2.170086
2.170086
2.1700864
2.1700864
2.1700864
2.1700864
2.1700864
2.1700864
2.1700864
2.1700864
2.1700864
2.1700866
2.1700866
2.1700866
2.1700866
2.1700866
2.1700866
2.1700866
2.1700866
2.1700866
2.1700866
2.1700866
2.1700866
2.1700866
2.1700866
2.1700866
2.1700866
2.1700866
2.1700866
2.1700866
2.1700866
2.1700866
2.170087
2.170087
2.170087
2.170087
