-3.3838112
-3.3838112
-3.3838112
-3.3838112
-3.3838108
-3.2932456
-3.2932456
-3.293245
-3.293245
-3.2932446
-3.144445
-3.144445
-3.144445
-3.144445
-3.1444445
-3.1027756
-3.1027756
-3.1027756
-3.1027756
-3.1027756
-3.1027756
-3.1027756
-3.1027756
-3.1027749
-3.1027749
-3.1027749
-3.1027744
-3.1027744
-3.1027744
-3.1027744
-2.9406407
-2.9406407
-2.9406407
-2.9406407
-2.9406402
-2.6864164
-2.6864164
-2.6864164
-2.6864164
-2.6864164
-2.3878481
-2.3878481
-2.3878481
-2.3878481
-2.3878481
-2.249141
-2.249141
-2.249141
-2.249141
-2.249141
-2.249141
-2.2491405
-2.2491405
-2.2491405
-2.2491405
-2.2491405
-2.24914
-2.24914
-2.24914
-2.24914
-2.0528696
-2.052869
-2.052869
-2.052869
-2.052869
-2.0000007
-2.0000007
-2.0000007
-2.0000007
-2.0000002
-2.0000002
-2.0000002
-2.0000002
-2.0000002
-2.0000002
-1.9999998
-1.9999998
-1.9999998
-1.9999998
-1.9999998
-1.9999998
-1.9999998
-1.9999993
-1.9999993
-1.9999988
-1.692219
-1.692219
-1.692219
-1.692219
-1.6922187
-1.321991
-1.321991
-1.3219907
-1.3219907
-1.3219907
-1.1463661
-1.1463656
-1.1463656
-1.1463656
-1.1463656
-1.1463656
-1.1463656
-1.1463656
-1.1463656
-1.1463656
-1.1463656
-1.1463653
-1.1463653
-1.1463653
-1.1463653
-0.9706466
-0.9706466
-0.97064626
-0.97064626
-0.97064626
-0.69506705
-0.69506705
-0.69506705
-0.69506705
-0.69506645
0.69506645
0.69506705
0.69506705
0.69506705
0.69506705
0.97064626
0.97064626
0.97064626
0.9706466
0.9706466
1.1463653
1.1463653
1.1463653
1.1463653
1.1463656
1.1463656
1.1463656
1.1463656
1.1463656
1.1463656
1.1463656
1.1463656
1.1463656
1.1463656
1.1463661
1.3219907
1.3219907
1.3219907
1.321991
1.321991
1.6922187
1.692219
1.692219
1.692219
1.692219
1.9999988
1.9999993
1.9999993
1.9999998
1.9999998
1.9999998
1.9999998
1.9999998
1.9999998
1.9999998
2.0000002
2.0000002
2.0000002
2.0000002
2.0000002
2.0000002
2.0000007
2.0000007
2.0000007
2.0000007
2.052869
2.052869
2.052869
2.052869
2.0528696
2.24914
2.24914
2.24914
2.24914
2.2491405
2.2491405
2.2491405
2.2491405
2.2491405
2.249141
2.249141
2.249141
2.249141
2.249141
2.249141
2.3878481
2.3878481
2.3878481
2.3878481
2.3878481
2.6864164
2.6864164
2.6864164
2.6864164
2.6864164
2.9406402
2.9406407
2.9406407
2.9406407
2.9406407
3.1027744
3.1027744
3.1027744
3.1027744
3.1027749
3.1027749
3.1027749
3.1027756
3.1027756
3.1027756
3.1027756
3.1027756
3.1027756
3.1027756
3.1027756
3.1444445
3.144445
3.144445
3.144445
3.144445
3.2932446
3.293245
3.293245
3.2932456
3.2932456
3.3838108
3.3838112
3.3838112
3.3838112
3.3838112
