-3.412062
-3.4056103
-3.3948672
-3.379848
-3.3605754
-3.337077
-3.3093846
-3.2775419
-3.2415922
-3.2015884
-3.1575906
-3.1096623
-3.102781
-3.1027784
-3.1027777
-3.1027775
-3.1027768
-3.1027765
-3.102776
-3.102776
-3.1027756
-3.1027753
-3.1027749
-3.1027744
-3.1027744
-3.1027741
-3.102774
-3.1027737
-3.1027722
-3.1027722
-3.1027713
-3.057875
-3.0023081
-2.943043
-2.8801706
-2.8137906
-2.7440045
-2.6709263
-2.594673
-2.515373
-2.4331625
-2.3481839
-2.2605968
-2.2491431
-2.249143
-2.249143
-2.2491424
-2.249142
-2.2491412
-2.2491412
-2.249141
-2.2491407
-2.2491405
-2.2491405
-2.2491405
-2.2491403
-2.2491393
-2.249139
-2.2491388
-2.2491386
-2.2491374
-2.2491374
-2.1705692
-2.0782797
-2.000002
-2.0000017
-2.000001
-2.0000007
-2.0000005
-2.0
-1.9999996
-1.9999996
-1.9999993
-1.9999992
-1.9999992
-1.9999989
-1.9999988
-1.9999987
-1.9999987
-1.9999986
-1.9999982
-1.9999975
-1.9999973
-1.9999968
-1.9839321
-1.8877428
-1.7899544
-1.6908419
-1.5907199
-1.4899538
-1.3889768
-1.288315
-1.1886194
-1.1463668
-1.1463667
-1.1463665
-1.1463665
-1.1463662
-1.1463661
-1.1463659
-1.1463658
-1.1463658
-1.1463656
-1.1463652
-1.1463647
-1.1463646
-1.1463645
-1.1463645
-1.1463643
-1.1463642
-1.146364
-1.1463636
-1.0907137
-0.9956596
-0.904845
-0.8200891
-0.7437551
-0.6788013
-0.6286514
-0.5967581
0.5967572
0.6286509
0.67880034
0.7437556
0.8200879
0.9048443
0.9956596
1.0907135
1.1463646
1.1463646
1.1463647
1.1463648
1.1463649
1.1463652
1.1463653
1.1463653
1.1463654
1.1463655
1.1463656
1.1463656
1.1463658
1.1463658
1.1463659
1.1463659
1.1463662
1.1463662
1.1463664
1.1886194
1.2883141
1.3889763
1.4899536
1.5907197
1.6908411
1.7899536
1.8877412
1.9839315
1.9999992
1.9999993
1.9999994
1.9999994
1.9999995
1.9999996
1.9999996
1.9999998
2.0
2.0
2.0
2.0000002
2.0000002
2.0000002
2.0000005
2.0000005
2.0000005
2.0000005
2.0000007
2.0000007
2.0782795
2.1705673
2.2491395
2.24914
2.24914
2.24914
2.24914
2.24914
2.24914
2.2491403
2.2491403
2.2491405
2.2491405
2.2491405
2.2491407
2.249141
2.249141
2.249141
2.249141
2.2491412
2.2491415
2.260596
2.3481832
2.4331608
2.5153725
2.5946727
2.670926
2.7440052
2.8137903
2.880171
2.9430423
3.0023072
3.057875
3.102774
3.1027741
3.1027741
3.1027741
3.1027744
3.1027744
3.1027746
3.1027746
3.1027746
3.1027749
3.1027749
3.102775
3.102775
3.1027753
3.1027753
3.1027753
3.1027756
3.1027756
3.1027758
3.1096618
3.1575897
3.201588
3.241591
3.277541
3.3093846
3.3370762
3.3605752
3.379848
3.3948667
3.4056098
3.4120617
