-0.12243835	0.0	-0.0403174	0.0	-0.096098594	0.0	0.08786552	0.0	0.11628681	0.0	-0.32218885	0.0	-0.2961517	0.0	0.09304116	0.0	0.00285854	0.0	0.060452808	0.0
-0.0019182478	0.0	0.00063171226	0.0	-0.0015057765	0.0	-0.0013767263	0.0	0.0018218479	0.0	0.00504775	0.0	-0.004639848	0.0	-0.0014577969	0.0	4.4778724e-05	0.0	-0.00094704074	0.0
-0.12246841	0.0	-0.0403273	0.0	-0.096122235	0.0	0.08788711	0.0	0.116315395	0.0	-0.32226804	0.0	-0.29622442	0.0	0.09306404	0.0	0.0028592441	0.0	0.060467646	0.0
2.6077032e-08	0.0	6.3795596e-08	0.0	-1.9697472e-07	0.0	-1.1571683e-07	0.0	-3.8184226e-08	0.0	-4.749745e-08	0.0	2.6077032e-08	0.0	-1.2735836e-07	0.0	1.2150849e-08	0.0	8.335337e-08	0.0
0.12246839	0.0	0.040327284	0.0	0.09612215	0.0	-0.08788706	0.0	-0.11631538	0.0	0.32226795	0.0	0.29622436	0.0	-0.093063965	0.0	-0.0028592409	0.0	-0.060467646	0.0
-0.0019182945	0.0	0.0006316379	0.0	-0.0015054625	0.0	-0.001376519	0.0	0.0018219342	0.0	0.0050478578	0.0	-0.0046399124	0.0	-0.0014576251	0.0	4.479455e-05	0.0	-0.0009471858	0.0
7.450581e-09	0.0	1.6763806e-08	0.0	4.656613e-08	0.0	-3.5390258e-08	0.0	-3.7252903e-09	0.0	1.4901161e-08	0.0	2.2351742e-08	0.0	-2.7939677e-08	0.0	-4.773028e-09	0.0	9.313226e-09	0.0
9.313226e-09	0.0	7.916242e-08	0.0	-2.9802322e-07	0.0	-1.9930303e-07	0.0	-5.9604645e-08	0.0	-3.7252903e-09	0.0	-3.3527613e-08	0.0	-1.73226e-07	0.0	-8.032657e-09	0.0	9.313226e-08	0.0
9.313226e-09	0.0	1.4901161e-08	0.0	4.4703484e-08	0.0	-2.6077032e-08	0.0	-7.450581e-09	0.0	1.4901161e-08	0.0	2.9802322e-08	0.0	-2.2351742e-08	0.0	-4.132744e-09	0.0	6.519258e-09	0.0
5.5879354e-09	0.0	9.2200935e-08	0.0	-2.6263297e-07	0.0	-1.6205013e-07	0.0	-3.9115548e-08	0.0	-1.4901161e-08	0.0	-2.9802322e-08	0.0	-1.9930303e-07	0.0	1.22818165e-08	0.0	1.0151416e-07	0.0
-7.450581e-09	0.0	-2.142042e-08	0.0	-4.284084e-08	0.0	3.5390258e-08	0.0	5.5879354e-09	0.0	-2.2351742e-08	0.0	-1.4901161e-08	0.0	2.6077032e-08	0.0	4.8894435e-09	0.0	-1.21071935e-08	0.0
-7.450581e-09	0.0	-9.9651515e-08	0.0	3.5390258e-07	0.0	2.3655593e-07	0.0	3.3527613e-08	0.0	7.450581e-09	0.0	1.4901161e-08	0.0	2.0116568e-07	0.0	-4.656613e-10	0.0	-1.13621354e-07	0.0
1.8626451e-09	0.0	-1.8626451e-09	0.0	-1.8626451e-08	0.0	1.3969839e-08	0.0	-3.7252903e-09	0.0	-3.7252903e-09	0.0	-1.1175871e-08	0.0	1.6763806e-08	0.0	-1.1350494e-09	0.0	0.0	0.0
-2.9802322e-08	0.0	4.656613e-08	0.0	-1.3411045e-07	0.0	-9.313226e-08	0.0	1.1175871e-08	0.0	1.0430813e-07	0.0	-1.3411045e-07	0.0	-1.0058284e-07	0.0	7.1013346e-09	0.0	-1.8626451e-09	0.0
-9.313226e-10	0.0	-2.3283064e-10	0.0	-6.519258e-09	0.0	7.450581e-09	0.0	9.313226e-10	0.0	-1.3038516e-08	0.0	-1.6763806e-08	0.0	1.2572855e-08	0.0	-1.8480932e-09	0.0	4.656613e-09	0.0
7.450581e-09	0.0	1.17346644e-07	0.0	-3.2782555e-07	0.0	-2.0861626e-07	0.0	-2.9802322e-08	0.0	4.4703484e-08	0.0	-8.940697e-08	0.0	-2.30968e-07	0.0	1.3038516e-08	0.0	7.4505806e-08	0.0
-6.148963e-09	0.0	8.1915115e-09	0.0	2.9061459e-08	0.0	-2.1554666e-08	-0.0	1.5038527e-08	-0.0	-5.2508136e-09	0.0	4.8159645e-09	0.0	-2.9971908e-08	-0.0	2.7016915e-09	-0.0	8.2019875e-09	0.0
2.330736e-08	0.0	-1.4060379e-07	0.0	3.7912682e-07	0.0	2.4445112e-07	0.0	-5.332774e-10	0.0	-8.172503e-08	0.0	1.3954204e-07	0.0	2.597076e-07	0.0	-3.442236e-08	0.0	-6.290474e-08	0.0
2.3283064e-10	0.0	6.7520887e-09	0.0	1.6530976e-08	0.0	-6.9849193e-09	0.0	7.21775e-09	0.0	4.656613e-09	0.0	1.1175871e-08	0.0	-1.7462298e-08	0.0	1.1859811e-09	0.0	4.656613e-10	0.0
0.06254237	0.0	0.10501073	0.0	-0.3335629	0.0	-0.20721442	0.0	-0.08750529	0.0	-0.10815498	0.0	0.04820651	0.0	-0.21232466	0.0	0.019167619	0.0	0.1215723	0.0
0.0009796366	0.0	-0.0016448356	0.0	-0.005224782	0.0	0.0032457006	0.0	-0.0013706486	0.0	0.001694106	0.0	0.0007550968	0.0	0.0033257494	0.0	0.00030023634	0.0	-0.0019042483	0.0
0.06252707	0.0	0.10498504	0.0	-0.33348128	0.0	-0.20716372	0.0	-0.08748388	0.0	-0.10812846	0.0	0.048194706	0.0	-0.21227269	0.0	0.01916293	0.0	0.1215425	0.0
0.0009796225	0.0	-0.0016448189	0.0	-0.0052247453	0.0	0.0032456722	0.0	-0.0013706285	0.0	0.0016940669	0.0	0.0007550644	0.0	0.0033257315	0.0	0.00030023183	0.0	-0.001904224	0.0
-0.062542416	0.0	-0.105010845	0.0	0.33356315	0.0	0.20721461	0.0	0.08750536	0.0	0.108155	0.0	-0.04820652	0.0	0.21232481	0.0	-0.019167647	0.0	-0.12157237	0.0
-0.0029386443	0.0	0.0049340716	0.0	0.015672939	0.0	-0.009736264	0.0	0.004111564	0.0	-0.0050818035	0.0	-0.0022650517	0.0	-0.009976396	0.0	-0.000900618	0.0	0.0057122544	0.0
-0.03124052	0.0	-0.05245383	0.0	0.16661787	0.0	0.10350562	0.0	0.043709755	0.0	0.054024428	0.0	-0.024079604	0.0	0.10605824	0.0	-0.00957436	0.0	-0.060726535	0.0
0.0034279812	0.0	-0.0057556815	0.0	-0.018282723	0.0	0.011357499	0.0	-0.004796199	0.0	0.005928021	0.0	0.0026422164	0.0	0.011637614	0.0	0.0010505869	0.0	-0.0066634263	0.0
0.031186832	0.0	0.052363742	0.0	-0.16633153	0.0	-0.10332772	0.0	-0.043634623	0.0	-0.053931586	0.0	0.024038227	0.0	-0.10587595	0.0	0.009557957	0.0	0.06062217	0.0
0.003427966	0.0	-0.0057556704	0.0	-0.018282691	0.0	0.011357484	0.0	-0.0047961823	0.0	0.005928004	0.0	0.0026422173	0.0	0.011637566	0.0	0.0010505808	0.0	-0.0066634235	0.0
-0.03124051	-0.0	-0.05245394	0.0	0.16661792	0.0	0.103505634	0.0	0.043709733	0.0	0.05402444	0.0	-0.024079632	-0.0	0.10605821	0.0	-0.009574466	-0.0	-0.060726542	0.0
-0.007344434	0.0	0.012331543	0.0	0.039170727	0.0	-0.024333442	0.0	0.0102758445	0.0	-0.012700772	0.0	-0.0056609507	0.0	-0.024933545	0.0	-0.0022508772	0.0	0.014276395	0.0
-0.01553588	-0.0	-0.026085394	-0.0	0.08285904	-0.0	0.051473323	-0.0	0.02173678	-0.0	0.02686633	-0.0	-0.0119748125	-0.0	0.052742667	-0.0	-0.0047614505	-0.0	-0.030199302	0.0
0.007587783	-0.0	-0.012740142	-0.0	-0.0404686	-0.0	0.025139717	-0.0	-0.01061633	-0.0	0.01312159	-0.0	0.0058485204	-0.0	0.025759693	-0.0	0.0023254636	-0.0	-0.014749423	0.0
0.015417044	-0.0	0.025885737	-0.0	-0.08222511	-0.0	-0.05107951	-0.0	-0.021570543	-0.0	-0.026660789	-0.0	0.01188317	-0.0	-0.052339215	-0.0	0.0047249263	-0.0	0.029968252	0.0
0.007587767	-0.0	-0.0127401035	-0.0	-0.040468555	-0.0	0.025139675	-0.0	-0.010616325	-0.0	0.013121572	-0.0	0.005848512	-0.0	0.025759693	-0.0	0.0023254505	-0.0	-0.014749417	0.0
-0.015535907	-0.0	-0.026085189	-0.0	0.08285895	-0.0	0.05147327	-0.0	0.021736888	-0.0	0.026866313	-0.0	-0.011974749	-0.0	0.05274273	-0.0	-0.0047612507	-0.0	-0.030199254	0.0
-0.015417037	-0.0	0.025885714	-0.0	0.082225144	-0.0	-0.051079474	-0.0	0.02157053	-0.0	-0.026660793	-0.0	-0.011883163	-0.0	-0.0523392	-0.0	-0.004724929	-0.0	0.02996823	0.0
-0.007587767	0.0	-0.012740159	0.0	0.04046859	0.0	0.025139702	0.0	0.010616318	0.0	0.013121587	0.0	-0.00584853	0.0	0.025759665	0.0	-0.0023254862	0.0	-0.014749418	0.0
0.0155358855	0.0	-0.02608528	0.0	-0.082858965	0.0	0.051473226	0.0	-0.021736803	0.0	0.026866324	0.0	0.011974769	0.0	0.052742664	0.0	0.0047613503	0.0	-0.030199243	0.0
0.0073444303	0.0	0.012331544	0.0	-0.039170712	0.0	-0.024333455	0.0	-0.0102758575	0.0	-0.012700772	0.0	0.005660951	0.0	-0.02493355	0.0	0.002250878	0.0	0.014276385	0.0
0.0155359	0.0	-0.026085276	0.0	-0.08285908	0.0	0.05147329	0.0	-0.021736836	0.0	0.02686632	0.0	0.01197478	0.0	0.05274272	0.0	0.0047613513	0.0	-0.030199299	0.0
-0.007587787	0.0	-0.012740114	0.0	0.040468596	0.0	0.025139714	0.0	0.010616353	0.0	0.0131215975	0.0	-0.005848507	0.0	0.025759706	0.0	-0.0023254303	0.0	-0.014749416	0.0
-0.031186815	0.0	0.052363694	0.0	0.1663315	0.0	-0.10332768	0.0	0.043634586	0.0	-0.053931553	0.0	-0.024038218	0.0	-0.10587591	0.0	-0.009557955	0.0	0.06062216	0.0
-0.0034279672	-0.0	-0.005755632	-0.0	0.018282704	-0.0	0.011357501	-0.0	0.004796205	-0.0	0.0059280135	-0.0	-0.0026422031	-0.0	0.0116376225	-0.0	-0.0010505761	-0.0	-0.0066634244	0.0
0.031240515	-0.0	-0.05245386	-0.0	-0.16661781	-0.0	0.103505574	-0.0	-0.043709707	-0.0	0.054024402	-0.0	0.02407959	-0.0	0.10605816	-0.0	0.00957442	-0.0	-0.0607265	0.0
0.0029386373	-0.0	0.0049340683	-0.0	-0.015672894	-0.0	-0.009736244	-0.0	-0.0041115517	-0.0	-0.0050818017	-0.0	0.0022650464	-0.0	-0.009976356	-0.0	0.0009006164	-0.0	0.005712234	0.0
0.03124052	-0.0	-0.05245386	-0.0	-0.16661793	-0.0	0.10350563	-0.0	-0.043709733	-0.0	0.05402444	-0.0	0.024079613	-0.0	0.10605822	-0.0	0.009574403	-0.0	-0.06072653	0.0
-0.0034279688	-0.0	-0.005755711	-0.0	0.018282669	-0.0	0.011357484	-0.0	0.0047961827	-0.0	0.005928002	-0.0	-0.0026422243	-0.0	0.011637552	-0.0	-0.0010505909	-0.0	-0.0066634086	0.0
-0.06252705	-0.0	0.10498503	-0.0	0.33348125	-0.0	-0.20716366	-0.0	0.08748384	-0.0	-0.10812845	-0.0	-0.04819468	-0.0	-0.21227267	-0.0	-0.019162932	-0.0	0.12154251	0.0
-0.0009796363	-0.0	-0.001644793	-0.0	0.005224757	-0.0	0.003245702	-0.0	0.001370653	-0.0	0.0016940837	-0.0	-0.0007550684	-0.0	0.003325765	-0.0	-0.0003001828	-0.0	-0.0019042436	0.0
-0.06254241	-0.0	0.10501079	-0.0	0.3335631	-0.0	-0.20721455	-0.0	0.08750532	-0.0	-0.10815498	-0.0	-0.048206512	-0.0	-0.21232477	-0.0	-0.019167647	-0.0	0.12157234	0.0
0.0	0.0	2.9802322e-08	0.0	0.0	0.0	0.0	0.0	-1.4901161e-08	0.0	1.4901161e-08	0.0	-7.450581e-09	0.0	0.0	0.0	3.7252903e-08	0.0	0.0	0.0
0.0625424	0.0	-0.105010785	0.0	-0.33356312	0.0	0.20721453	0.0	-0.08750533	0.0	0.108155	0.0	0.048206516	0.0	0.21232483	0.0	0.019167624	0.0	-0.12157236	0.0
-0.0009796158	0.0	-0.0016448614	0.0	0.005224714	0.0	0.0032456685	0.0	0.0013706074	0.0	0.0016940669	0.0	-0.00075508794	0.0	0.0033256942	0.0	-0.00030027778	0.0	-0.0019042324	0.0
-1.4999387e-08	0.0	1.4737452e-08	0.0	8.657662e-08	0.0	-5.145921e-08	0.0	2.9145667e-08	0.0	-2.7441274e-08	0.0	-1.0963959e-08	0.0	-5.8491423e-08	0.0	8.901452e-09	0.0	3.4709956e-08	0.0
-5.781476e-08	0.0	8.5070496e-08	0.0	-1.6356353e-08	0.0	-1.693843e-08	0.0	4.656613e-08	0.0	1.7695129e-08	0.0	5.1324605e-08	0.0	8.3702616e-08	0.0	4.660251e-08	0.0	5.6490535e-08	0.0
-1.7070079e-08	0.0	2.0682364e-08	-0.0	8.620191e-08	-0.0	-4.958747e-08	0.0	2.8877366e-08	-0.0	-2.8076101e-08	0.0	-9.86779e-09	0.0	-5.829679e-08	0.0	2.9367015e-09	0.0	3.216701e-08	0.0
-5.1571988e-08	-0.0	9.426731e-08	-0.0	-1.9732397e-08	-0.0	-1.5541445e-08	-0.0	6.2340405e-08	-0.0	1.6210834e-08	-0.0	6.779737e-08	-0.0	8.405186e-08	-0.0	9.861469e-08	-0.0	5.2212272e-08	0.0
2.4585303e-08	-0.0	-2.439437e-08	-0.0	-8.142315e-08	-0.0	5.887844e-08	-0.0	-2.889321e-08	-0.0	3.0445293e-08	-0.0	7.0113275e-09	-0.0	6.5146295e-08	-0.0	7.593541e-09	-0.0	-2.2874644e-08	0.0
6.470236e-08	-0.0	-7.875224e-08	-0.0	2.1102096e-08	-0.0	1.8280844e-08	-0.0	-5.3874373e-08	-0.0	-1.920489e-08	-0.0	-5.7423676e-08	-0.0	-8.196639e-08	-0.0	-4.048411e-08	-0.0	-6.185019e-08	0.0
2.4888906e-09	-0.0	-8.485008e-09	-0.0	-7.870222e-10	-0.0	-7.1360153e-09	-0.0	-2.7235705e-09	-0.0	8.5670454e-10	-0.0	-8.608344e-10	-0.0	-7.942129e-10	-0.0	6.0196244e-09	-0.0	2.5744409e-09	0.0
4.7863892e-08	-0.0	-2.7140493e-07	-0.0	1.0227637e-08	-0.0	-3.1409726e-08	-0.0	-6.9447815e-08	-0.0	-1.0886495e-08	-0.0	-6.097262e-08	-0.0	-8.20978e-08	-0.0	-2.5970138e-07	-0.0	-3.5835782e-08	0.0
7.746364e-09	-0.0	-2.0841668e-08	-0.0	5.0633414e-10	-0.0	1.1085644e-08	-0.0	1.5290667e-08	-0.0	2.4078202e-09	-0.0	3.0615217e-09	-0.0	-9.499791e-09	-0.0	2.3176003e-08	-0.0	9.567876e-09	0.0
3.6135866e-08	-0.0	-1.8880885e-07	-0.0	5.8822196e-09	-0.0	-3.4670844e-08	-0.0	-7.8736115e-08	-0.0	-9.641774e-09	-0.0	-3.7357594e-08	-0.0	-8.3462815e-08	-0.0	-1.8767385e-07	-0.0	-1.9705496e-08	0.0
-9.972114e-09	-0.0	2.0721611e-08	-0.0	-1.917011e-09	-0.0	3.988738e-09	-0.0	1.8410252e-10	-0.0	-3.1858993e-09	-0.0	5.0277364e-09	-0.0	-2.9523053e-09	-0.0	-2.1436698e-08	-0.0	-1.0296112e-08	0.0
-1.9893518e-08	0.0	2.143924e-07	0.0	-1.895642e-10	0.0	4.3892083e-08	0.0	6.562925e-08	0.0	4.6924424e-09	0.0	3.703843e-08	0.0	8.3121435e-08	0.0	2.1878522e-07	0.0	2.6400877e-09	0.0
1.0638313e-08	0.0	1.9072262e-08	0.0	4.6298827e-09	0.0	-1.3970176e-08	0.0	-2.4689859e-08	0.0	3.2574956e-09	0.0	-1.6021396e-08	0.0	2.7812366e-08	0.0	-1.3297532e-08	0.0	6.9491004e-09	0.0
-0.037248947	0.0	0.3120446	0.0	-0.02143277	0.0	-0.008894587	0.0	0.17009114	0.0	0.009407624	0.0	0.09197787	0.0	0.16663913	0.0	0.29374573	0.0	0.014707054	0.0
-0.00058343087	0.0	-0.0048876917	0.0	-0.00033570317	0.0	0.00013930946	0.0	0.0026641882	0.0	-0.00014735044	0.0	0.0014406692	0.0	-0.0026101037	0.0	0.0046010744	0.0	-0.00023034912	0.0
-0.037239797	0.0	0.31196806	-0.0	-0.021427512	-0.0	-0.008892417	0.0	0.1700494	-0.0	0.009405312	0.0	0.0919553	0.0	0.16659826	0.0	0.29367363	0.0	0.014703439	0.0
-0.00058346277	0.0	-0.0048877024	-0.0	-0.00033571967	-0.0	0.00013933111	0.0	0.00266424	-0.0	-0.00014736076	0.0	0.0014407064	0.0	-0.0026101705	0.0	0.0046010753	0.0	-0.00023037668	0.0
0.03724892	-0.0	-0.31204453	-0.0	0.021432767	-0.0	0.008894609	-0.0	-0.17009111	-0.0	-0.009407616	-0.0	-0.09197785	-0.0	-0.16663912	-0.0	-0.29374564	-0.0	-0.014707037	0.0
0.0017501973	-0.0	0.014661897	-0.0	0.0010070499	-0.0	-0.0004179254	-0.0	-0.007991979	-0.0	0.00044203052	-0.0	-0.0043217055	-0.0	0.007829784	-0.0	-0.013802091	-0.0	0.00069103204	0.0
0.018606199	-0.0	-0.1558693	-0.0	0.010705884	-0.0	0.0044429535	-0.0	-0.08496217	-0.0	-0.0046991953	-0.0	-0.04594384	-0.0	-0.08323787	-0.0	-0.14672883	-0.0	-0.007346315	0.0
-0.0020416374	-0.0	-0.017103272	-0.0	-0.0011747393	-0.0	0.0004875257	-0.0	0.009322779	-0.0	-0.00051563565	-0.0	0.0050413543	-0.0	-0.00913357	-0.0	0.016100306	-0.0	-0.00080609706	0.0
-0.018574212	-0.0	0.15560126	-0.0	-0.010687469	-0.0	-0.004435299	-0.0	0.08481608	-0.0	0.004691118	-0.0	0.04586484	-0.0	0.083094746	-0.0	0.14647652	-0.0	0.0073336805	0.0
-0.0020416286	-0.0	-0.017103298	-0.0	-0.0011747442	-0.0	0.0004875089	-0.0	0.009322774	-0.0	-0.00051563606	-0.0	0.0050413427	-0.0	-0.009133587	-0.0	0.01610033	-0.0	-0.0008061035	0.0
0.018606192	-0.0	-0.15586905	-0.0	0.010705855	-0.0	0.0044429167	-0.0	-0.08496208	-0.0	-0.0046991943	-0.0	-0.045943767	-0.0	-0.083237745	-0.0	-0.14672866	-0.0	-0.007346301	0.0
0.0043741963	-0.0	0.036643814	-0.0	0.0025168825	-0.0	-0.0010445054	-0.0	-0.019974053	-0.0	0.0011047503	-0.0	-0.010801092	-0.0	0.019568684	-0.0	-0.03449494	-0.0	0.0017270707	0.0
0.009252843	0.0	-0.077513576	0.0	0.0053240266	0.0	0.0022094795	0.0	-0.042251594	0.0	-0.0023369063	0.0	-0.022847816	0.0	-0.04139408	0.0	-0.07296805	0.0	-0.0036533168	0.0
-0.0045191147	0.0	-0.03785801	0.0	-0.002600265	0.0	0.0010790931	0.0	0.02063583	0.0	-0.0011413513	0.0	0.011158951	0.0	-0.020217024	0.0	0.035637952	0.0	-0.0017842825	0.0
-0.00918206	0.0	0.07692062	0.0	-0.005283291	0.0	-0.0021925652	0.0	0.041928362	0.0	0.0023190281	0.0	0.022673031	0.0	0.041077428	0.0	0.07240986	0.0	0.0036253647	0.0
-0.0045191357	0.0	-0.037857946	-0.0	-0.002600277	-0.0	0.0010791323	-0.0	0.02063587	-0.0	-0.0011413567	0.0	0.011158971	-0.0	-0.020217048	0.0	0.035637848	-0.0	-0.0017843028	0.0
0.009252846	0.0	-0.07751365	-0.0	0.005324015	-0.0	0.0022094576	-0.0	-0.042251598	-0.0	-0.002336905	0.0	-0.02284782	-0.0	-0.0413941	0.0	-0.07296811	-0.0	-0.0036533081	0.0
0.009182068	-0.0	0.07692076	-0.0	0.005283296	-0.0	-0.0021925685	-0.0	-0.041928437	-0.0	0.0023190312	-0.0	-0.022673056	-0.0	0.04107746	-0.0	-0.07240998	-0.0	0.0036253699	0.0
0.0045191203	-0.0	-0.0378579	-0.0	0.0026002775	-0.0	0.0010791221	-0.0	-0.020635823	-0.0	-0.0011413523	-0.0	-0.011158955	-0.0	-0.020217016	-0.0	-0.03563784	-0.0	-0.001784293	0.0
-0.009252831	-0.0	-0.07751363	-0.0	-0.005324022	-0.0	0.0022094364	-0.0	0.042251572	-0.0	-0.002336903	-0.0	0.022847798	-0.0	-0.04139408	-0.0	0.072968096	-0.0	-0.003653308	0.0
-0.0043741856	-0.0	0.036643736	-0.0	-0.0025168736	-0.0	-0.001044503	-0.0	0.01997399	-0.0	0.0011047472	-0.0	0.01080106	-0.0	0.019568617	-0.0	0.03449487	-0.0	0.0017270648	0.0
-0.009252878	-0.0	-0.077513814	-0.0	-0.005324033	-0.0	0.0022095053	-0.0	0.04225172	-0.0	-0.0023369123	-0.0	0.02284788	-0.0	-0.041394185	-0.0	0.07296823	-0.0	-0.0036533275	0.0
0.004519113	-0.0	-0.037857857	-0.0	0.002600257	-0.0	0.0010790988	-0.0	-0.020635782	-0.0	-0.001141351	-0.0	-0.011158922	-0.0	-0.020216983	-0.0	-0.035637826	-0.0	-0.0017842846	0.0
0.018574227	-0.0	0.15560141	-0.0	0.01068748	-0.0	-0.004435302	-0.0	-0.08481614	-0.0	0.0046911207	-0.0	-0.04586486	-0.0	0.083094805	-0.0	-0.14647663	-0.0	0.0073336875	0.0
0.00204163	-0.0	-0.01710328	-0.0	0.001174741	-0.0	0.0004875254	-0.0	-0.00932276	-0.0	-0.00051563646	-0.0	-0.0050413446	-0.0	-0.009133567	-0.0	-0.016100308	-0.0	-0.00080610154	0.0
-0.018606193	0.0	-0.1558691	0.0	-0.010705865	0.0	0.0044429344	0.0	0.08496209	0.0	-0.004699195	0.0	0.045943797	0.0	-0.08323778	0.0	0.14672863	0.0	-0.007346309	0.0
-0.0017501868	0.0	0.014661772	0.0	-0.0010070456	0.0	-0.0004179238	-0.0	0.007991939	-0.0	0.00044202834	0.0	0.0043216916	-0.0	0.007829741	0.0	0.013801994	-0.0	0.00069102814	0.0
-0.018606205	0.0	-0.15586932	0.0	-0.010705885	0.0	0.0044429405	-0.0	0.084962204	-0.0	-0.0046991967	0.0	0.04594383	-0.0	-0.08323789	0.0	0.14672886	-0.0	-0.007346311	0.0
0.0020416165	0.0	-0.017103208	-0.0	0.0011747298	-0.0	0.00048750476	-0.0	-0.009322708	-0.0	-0.0005156314	0.0	-0.005041306	-0.0	-0.0091334935	0.0	-0.016100224	-0.0	-0.0008060923	0.0
0.037239805	0.0	0.31196797	-0.0	0.021427518	-0.0	-0.008892417	-0.0	-0.17004943	-0.0	0.009405313	0.0	-0.0919553	-0.0	0.16659825	0.0	-0.29367366	-0.0	0.014703438	0.0
0.00058345933	-0.0	-0.0048875795	-0.0	0.000335725	-0.0	0.00013939818	-0.0	-0.0026642457	-0.0	-0.00014736214	-0.0	-0.0014407025	-0.0	-0.002610168	-0.0	-0.004600922	-0.0	-0.0002303902	0.0
0.037248936	-0.0	0.31204456	-0.0	0.021432772	-0.0	-0.008894593	-0.0	-0.17009112	-0.0	0.009407622	-0.0	-0.09197785	-0.0	0.16663915	-0.0	-0.2937457	-0.0	0.014707051	0.0
1.4901161e-08	-0.0	0.0	-0.0	2.2351742e-08	-0.0	8.754432e-08	-0.0	-5.9604645e-08	-0.0	-5.5879354e-09	-0.0	-2.9802322e-08	-0.0	-5.9604645e-08	-0.0	0.0	-0.0	-1.8626451e-08	0.0
-0.037248954	-0.0	-0.31204465	-0.0	-0.021432778	-0.0	0.0088946065	-0.0	0.1700912	-0.0	-0.009407623	-0.0	0.09197788	-0.0	-0.16663918	-0.0	0.2937458	-0.0	-0.014707052	0.0
0.00058342644	-0.0	-0.004887754	-0.0	0.00033569266	-0.0	0.00013924023	-0.0	-0.0026641497	-0.0	-0.00014734705	-0.0	-0.001440661	-0.0	-0.0026100762	-0.0	-0.0046011545	-0.0	-0.00023033295	0.0
1.7968716e-08	-0.0	1.03412276e-07	-0.0	2.870081e-09	-0.0	-1.153947e-08	-0.0	-6.014125e-08	-0.0	2.0091875e-09	-0.0	-3.4128107e-08	-0.0	4.777985e-08	-0.0	-9.792711e-08	-0.0	5.7949023e-10	0.0
7.1595423e-09	-0.0	-2.2613676e-08	-0.0	-1.6711056e-08	-0.0	-7.537619e-08	-0.0	7.096969e-08	-0.0	3.1468517e-10	-0.0	3.49537e-08	-0.0	5.0771632e-08	-0.0	-4.5023626e-08	-0.0	2.9513103e-09	0.0
3.628611e-08	-0.0	8.083771e-08	-0.0	2.0693903e-08	-0.0	-2.6730106e-08	-0.0	-9.4800725e-08	-0.0	8.100642e-09	-0.0	-6.00096e-08	-0.0	8.773213e-08	-0.0	-7.52043e-08	-0.0	1.852493e-08	0.0
6.8030204e-10	-0.0	-3.541936e-08	0.0	-1.0459189e-08	-0.0	-3.635705e-08	-0.0	4.8370566e-08	-0.0	1.4551915e-11	-0.0	2.3224857e-08	-0.0	3.9945007e-08	-0.0	-3.821333e-08	-0.0	3.6652636e-09	0.0
-2.836282e-08	-0.0	-1.0151052e-07	0.0	1.2804549e-09	-0.0	1.2212979e-08	-0.0	5.7582838e-08	-0.0	-4.9903406e-09	-0.0	3.8450253e-08	-0.0	-4.6477908e-08	-0.0	8.578081e-08	-0.0	-1.4699083e-08	0.0
-6.4537744e-09	0.0	2.9976945e-09	0.0	-2.4483597e-09	0.0	2.4639121e-08	-0.0	-8.178176e-09	-0.0	3.7380232e-10	0.0	1.5439582e-08	-0.0	-9.764335e-09	0.0	1.8131686e-08	-0.0	7.605195e-09	0.0
1.7897946e-08	0.0	-4.5694435e-08	-0.0	3.0444482e-08	-0.0	-6.814298e-08	-0.0	-8.528559e-08	-0.0	8.724555e-09	0.0	-5.0617928e-08	-0.0	6.1638616e-08	0.0	4.9697235e-08	-0.0	2.8153408e-08	0.0
7.1089588e-09	0.0	-9.759262e-08	-0.0	-4.4794273e-08	-0.0	-1.8319838e-07	-0.0	1.8935455e-07	-0.0	3.327978e-09	0.0	8.4152255e-08	-0.0	1.6312582e-07	0.0	-1.6394922e-07	-0.0	1.0879312e-08	0.0
4.548565e-08	-0.0	-2.1253015e-08	-0.0	4.2854253e-09	-0.0	-5.4666998e-08	-0.0	-2.520028e-08	-0.0	1.30448825e-08	-0.0	-3.915011e-08	-0.0	3.7810423e-08	-0.0	3.2945763e-08	-0.0	3.5533958e-08	0.0
-2.7346317e-08	-0.0	-1.0144342e-07	-0.0	-5.9294482e-08	-0.0	-2.0384682e-07	-0.0	2.380931e-07	-0.0	8.133689e-09	-0.0	1.3158748e-07	-0.0	1.8055866e-07	-0.0	-1.3832899e-07	-0.0	3.9409883e-08	0.0
-2.8128852e-08	-0.0	2.9132025e-08	-0.0	-1.8641913e-08	-0.0	3.9697625e-08	-0.0	5.1142706e-08	-0.0	-9.1822585e-09	-0.0	2.5513145e-08	-0.0	-5.0347353e-08	-0.0	-5.064885e-08	-0.0	-3.45608e-08	0.0
2.2367002e-08	-0.0	1.0998557e-07	-0.0	4.2568473e-08	-0.0	2.1969903e-07	-0.0	-2.5927426e-07	-0.0	-1.09804805e-08	-0.0	-9.208639e-08	-0.0	-1.9922135e-07	-0.0	1.8006676e-07	-0.0	-1.9889521e-08	0.0
-2.3923349e-08	-0.0	-7.6033757e-10	-0.0	-3.3342076e-09	-0.0	-2.6542693e-08	-0.0	-1.3882527e-08	-0.0	-1.34750735e-08	-0.0	-3.7252903e-09	-0.0	1.3547833e-08	-0.0	-5.8935257e-10	-0.0	-5.2328687e-08	0.0
-0.08730571	-0.0	-0.1243185	-0.0	-0.06708522	-0.0	-0.23345518	-0.0	0.23128915	-0.0	0.031777106	-0.0	0.14679092	-0.0	0.20940903	-0.0	-0.19585527	-0.0	0.10346968	0.0
-0.0013675852	-0.0	0.0019472521	-0.0	-0.0010507902	-0.0	0.0036566518	-0.0	0.0036227414	-0.0	-0.0004977573	-0.0	0.0022992643	-0.0	-0.003280053	-0.0	-0.003067753	-0.0	-0.0016207504	0.0
-0.08728424	-0.0	-0.12428794	-0.0	-0.06706878	-0.0	-0.23339793	-0.0	0.23123237	-0.0	0.03176929	-0.0	0.14675494	-0.0	0.20935766	-0.0	-0.19580723	-0.0	0.10344424	0.0
-0.0013674551	0.0	0.0019472397	0.0	-0.001050777	0.0	0.0036566711	-0.0	0.0036227587	-0.0	-0.00049772166	0.0	0.0022992264	-0.0	-0.0032800348	0.0	-0.0030677407	-0.0	-0.0016206433	0.0
0.08730572	0.0	0.12431855	0.0	0.06708528	0.0	0.23345539	-0.0	-0.23128939	-0.0	-0.031777106	0.0	-0.14679106	-0.0	-0.20940919	0.0	0.19585538	-0.0	-0.10346966	0.0
0.004102216	-0.0	-0.0058412617	-0.0	0.003152084	-0.0	-0.010969172	-0.0	-0.010867362	-0.0	0.0014931015	-0.0	-0.0068971626	-0.0	0.009839348	-0.0	0.009202506	-0.0	0.004861708	0.0
0.043609973	-0.0	0.062098194	-0.0	0.03350968	-0.0	0.11661298	-0.0	-0.11553106	-0.0	-0.015872944	-0.0	-0.07332341	-0.0	-0.10460172	-0.0	0.097831465	-0.0	-0.051684014	0.0
-0.0047853426	-0.0	0.0068139285	-0.0	-0.0036769658	-0.0	0.012795685	-0.0	0.01267699	-0.0	-0.0017417381	-0.0	0.008045677	-0.0	-0.011477761	-0.0	-0.010734877	-0.0	-0.005671298	0.0
-0.043535005	-0.0	-0.06199147	-0.0	-0.033452094	-0.0	-0.116412595	-0.0	0.11533248	-0.0	0.015845664	-0.0	0.073197395	-0.0	0.10442194	-0.0	-0.09766334	-0.0	0.051595178	0.0
-0.004785283	-0.0	0.0068139457	-0.0	-0.003676968	-0.0	0.012795758	-0.0	0.01267706	-0.0	-0.0017417212	-0.0	0.008045684	-0.0	-0.011477782	-0.0	-0.010734901	-0.0	-0.005671223	0.0
0.04360997	-0.0	0.062098235	-0.0	0.033509687	-0.0	0.11661304	-0.0	-0.11553111	-0.0	-0.015872946	-0.0	-0.073323436	-0.0	-0.10460176	-0.0	0.09783151	-0.0	-0.05168403	0.0
0.010252513	-0.0	-0.014598879	-0.0	0.007877903	-0.0	-0.027414897	-0.0	-0.027160516	-0.0	0.0037316596	-0.0	-0.017237859	-0.0	0.024591127	-0.0	0.022999518	-0.0	0.012150685	0.0
0.021687226	-0.0	0.030881407	-0.0	0.016664352	-0.0	0.05799159	-0.0	-0.057453554	-0.0	-0.007893609	-0.0	-0.036463708	-0.0	-0.05201839	-0.0	0.04865153	-0.0	-0.025702447	-0.0
-0.010592189	-0.0	0.015082574	-0.0	-0.00813892	-0.0	0.028323218	-0.0	0.028060447	-0.0	-0.003855285	-0.0	0.017808987	-0.0	-0.025405936	-0.0	-0.023761554	-0.0	-0.012553223	0.0
-0.021521308	-0.0	-0.030645171	-0.0	-0.01653687	-0.0	-0.057547987	-0.0	0.057014003	-0.0	0.007833231	-0.0	0.03618474	-0.0	0.05162046	-0.0	-0.048279375	-0.0	0.02550581	-0.0
-0.0105922185	-0.0	0.0150826145	-0.0	-0.008138942	-0.0	0.028323296	-0.0	0.028060535	-0.0	-0.0038553001	-0.0	0.01780902	-0.0	-0.025406012	-0.0	-0.02376162	-0.0	-0.012553274	0.0
0.021687213	-0.0	0.030881403	0.0	0.016664354	-0.0	0.057991598	-0.0	-0.057453588	-0.0	-0.007893604	-0.0	-0.036463697	-0.0	-0.052018378	-0.0	0.048651546	-0.0	-0.025702428	-0.0
0.021521475	-0.0	-0.030645184	-0.0	0.016536882	-0.0	-0.057547897	-0.0	-0.057014003	-0.0	0.007833271	-0.0	-0.036184814	-0.0	0.05162048	-0.0	0.048279386	-0.0	0.025505982	-0.0
0.01059208	-0.0	0.015082588	-0.0	0.008138925	-0.0	0.028323296	-0.0	-0.028060546	-0.0	-0.0038552529	-0.0	-0.017808985	-0.0	-0.02540595	-0.0	0.023761574	-0.0	-0.012553117	-0.0
-0.021687357	-0.0	0.030881396	-0.0	-0.01666435	-0.0	0.057991482	-0.0	0.05745346	-0.0	-0.00789365	-0.0	0.036463715	-0.0	-0.05201835	-0.0	-0.048651543	-0.0	-0.025702577	-0.0
-0.010252342	-0.0	-0.014598854	-0.0	-0.007877895	-0.0	-0.027414948	0.0	0.027160566	-0.0	0.0037316012	-0.0	0.01723781	0.0	0.02459114	-0.0	-0.0229995	0.0	0.012150494	0.0
-0.021687329	-0.0	0.030881451	-0.0	-0.016664369	-0.0	0.05799155	-0.0	0.057453528	-0.0	-0.007893652	-0.0	0.036463767	-0.0	-0.05201844	-0.0	-0.04865161	-0.0	-0.025702655	0.0
0.010592043	-0.0	0.015082551	-0.0	0.008138914	-0.0	0.028323278	-0.0	-0.028060481	-0.0	-0.0038552433	-0.0	-0.017808959	-0.0	-0.025405928	-0.0	0.02376156	-0.0	-0.012553096	0.0
0.04353526	-0.0	-0.06199155	-0.0	0.033452123	-0.0	-0.11641257	-0.0	-0.115332454	-0.0	0.015845742	-0.0	-0.07319746	-0.0	0.10442198	-0.0	0.097663395	-0.0	0.051595435	-0.0
0.0047852397	-0.0	0.006813935	-0.0	0.0036769724	-0.0	0.012795746	-0.0	-0.012677044	-0.0	-0.0017417222	-0.0	-0.0080456585	-0.0	-0.011477793	-0.0	0.010734886	-0.0	-0.005671203	-0.0
-0.043610208	-0.0	0.062098246	-0.0	-0.033509698	-0.0	0.11661295	-0.0	0.11553101	-0.0	-0.015873015	-0.0	0.07332349	-0.0	-0.10460175	-0.0	-0.0978315	-0.0	-0.051684264	-0.0
-0.0041022003	-0.0	-0.005841254	-0.0	-0.003152076	-0.0	-0.0109691415	-0.0	0.010867375	-0.0	0.0014930936	-0.0	0.0068971505	-0.0	0.009839338	-0.0	-0.00920249	-0.0	0.004861684	-0.0
-0.04361026	-0.0	0.062098317	-0.0	-0.03350974	-0.0	0.11661305	-0.0	0.115531124	-0.0	-0.015873032	-0.0	0.07332357	-0.0	-0.10460187	-0.0	-0.097831614	-0.0	-0.051684305	-0.0
0.004785287	-0.0	0.0068139182	-0.0	0.003676949	-0.0	0.012795709	-0.0	-0.012676993	-0.0	-0.0017417229	-0.0	-0.00804564	-0.0	-0.011477718	-0.0	0.01073486	-0.0	-0.0056712376	-0.0
0.08728468	-0.0	-0.12428802	-0.0	0.067068815	-0.0	-0.23339769	-0.0	-0.23123232	-0.0	0.031769425	-0.0	-0.14675505	-0.0	0.20935766	-0.0	0.1958072	-0.0	0.103444695	-0.0
0.0013675281	-0.0	0.0019472624	-0.0	0.0010507865	-0.0	0.0036567023	-0.0	-0.0036227992	-0.0	-0.00049774325	-0.0	-0.0022992543	-0.0	-0.0032800727	-0.0	0.0030677805	-0.0	-0.00162071	-0.0
0.0873061	-0.0	-0.124318525	-0.0	0.067085266	-0.0	-0.233455	-0.0	-0.231289	-0.0	0.031777225	-0.0	-0.14679103	-0.0	0.20940906	-0.0	0.19585524	0.0	0.10347009	0.0
2.7299393e-08	-0.0	2.7558599e-08	-0.0	2.8628165e-08	-0.0	6.805203e-08	-0.0	-6.40066e-08	-0.0	-9.131327e-09	-0.0	-5.1149982e-08	-0.0	-7.7403456e-08	-0.0	6.6082066e-08	-0.0	-2.636807e-08	-0.0
-0.08730611	0.0	0.1243185	-0.0	-0.06708524	-0.0	0.23345502	-0.0	0.231289	-0.0	-0.031777218	0.0	0.14679103	-0.0	-0.20940901	0.0	-0.1958552	-0.0	-0.10347005	0.0
0.0013674811	-0.0	0.0019471926	-0.0	0.0010507578	-0.0	0.003656588	-0.0	-0.0036226618	-0.0	-0.00049772765	-0.0	-0.0022992021	-0.0	-0.0032799714	-0.0	0.0030676827	-0.0	-0.001620659	-0.0
-3.2814569e-09	-0.0	3.7180143e-09	-0.0	-6.7866495e-09	-0.0	2.1027518e-08	-0.0	2.5916961e-08	-0.0	-1.2928467e-09	-0.0	9.476935e-09	-0.0	-2.4978362e-08	-0.0	-1.5843398e-08	-0.0	-1.1530574e-08	-0.0
-2.2395398e-08	-0.0	-2.2394033e-08	-0.0	-1.899025e-08	-0.0	-7.2996045e-08	-0.0	6.175833e-08	-0.0	8.141797e-09	-0.0	4.3528416e-08	-0.0	6.300206e-08	-0.0	-4.8663424e-08	-0.0	2.8579962e-08	-0.0
-8.881216e-09	-0.0	1.2227247e-08	-0.0	-7.586095e-09	-0.0	2.4025212e-08	-0.0	2.0005245e-08	-0.0	-2.0604602e-09	-0.0	1.8015271e-08	-0.0	-3.580135e-08	-0.0	-2.5713234e-08	-0.0	-1.6290869e-08	-0.0
-1.702574e-08	-0.0	-2.0269454e-08	-0.0	-1.6411832e-08	-0.0	-4.0367013e-08	-0.0	3.6219717e-08	-0.0	8.694769e-09	-0.0	3.6408892e-08	-0.0	3.450441e-08	-0.0	-2.7619535e-08	-0.0	1.231092e-08	-0.0
1.3602403e-08	-0.0	-2.0401785e-08	-0.0	8.805728e-09	-0.0	-2.9660441e-08	-0.0	-5.5446435e-08	-0.0	5.7643774e-09	-0.0	-3.736568e-08	-0.0	3.740206e-08	-0.0	3.4015102e-08	-0.0	1.5272235e-08	-0.0
8.079716e-09	-0.0	8.611521e-09	-0.0	3.1455503e-09	-0.0	3.072222e-08	-0.0	-3.5207577e-08	-0.0	-2.8804181e-09	-0.0	-1.5360396e-08	-0.0	-9.0252446e-09	-0.0	2.8802166e-08	-0.0	-6.6815677e-09	-0.0
9.402748e-09	-0.0	-1.5963229e-08	-0.0	6.267832e-09	-0.0	-3.0952293e-08	-0.0	-2.7503612e-08	-0.0	3.2432206e-09	-0.0	-1.6565817e-08	-0.0	2.0491001e-08	-0.0	2.8204328e-08	-0.0	4.4832236e-09	-0.0
-5.0158837e-09	-0.0	-4.0243253e-10	-0.0	-1.6523762e-08	-0.0	-5.847371e-08	-0.0	3.3626204e-08	-0.0	5.373357e-09	-0.0	3.0366408e-08	-0.0	2.1140153e-08	-0.0	4.584745e-09	-0.0	7.2431505e-09	-0.0
-3.056961e-09	-0.0	2.9568064e-09	-0.0	-2.1957636e-09	-0.0	7.570236e-09	-0.0	6.067104e-09	-0.0	-1.0363017e-09	-0.0	5.5338276e-09	-0.0	-5.5060383e-09	-0.0	-5.228806e-09	-0.0	-3.928328e-09	-0.0
-5.0646496e-09	0.0	1.1402866e-08	-0.0	-6.955302e-10	-0.0	1.0106712e-08	-0.0	-1.3554596e-08	-0.0	-8.9876606e-10	0.0	1.307586e-08	-0.0	-4.4349133e-09	0.0	2.1422263e-08	-0.0	-4.044114e-10	0.0
-3.1661003e-09	-0.0	1.9604197e-08	-0.0	-8.118393e-09	-0.0	2.6531382e-08	-0.0	2.441707e-08	-0.0	-4.779782e-09	-0.0	8.21138e-09	-0.0	-2.5078364e-08	-0.0	-3.3575937e-08	-0.0	-9.639955e-09	-0.0
2.4864697e-08	-0.0	2.6993215e-08	-0.0	8.596308e-09	-0.0	4.5269665e-08	-0.0	-4.848371e-08	-0.0	-9.488366e-09	-0.0	-1.7978408e-08	-0.0	-3.0276027e-08	-0.0	4.8897636e-08	-0.0	-3.034159e-08	-0.0
9.931028e-09	-0.0	-1.1396523e-08	-0.0	3.554753e-09	-0.0	-3.8317495e-08	-0.0	-2.1621105e-08	-0.0	3.7848693e-09	-0.0	-1.4314253e-08	-0.0	-1.9618682e-08	-0.0	1.8113155e-09	-0.0	-2.4382842e-09	-0.0
0.31241718	-0.0	0.0066234544	-0.0	0.0077928845	-0.0	-0.14241433	-0.0	0.14802751	-0.0	-0.09419071	-0.0	-0.073783815	-0.0	0.012682032	-0.0	-0.022425715	-0.0	-0.31010625	-0.0
0.004893475	-0.0	-0.000103711616	-0.0	0.00012204889	-0.0	0.0022307392	-0.0	0.0023186533	-0.0	0.00147534	-0.0	-0.0011556633	-0.0	-0.00019869581	-0.0	-0.00035130326	-0.0	0.004857299	0.0
0.31234056	-0.0	0.0066218525	-0.0	0.007790968	-0.0	-0.14237943	-0.0	0.14799118	-0.0	-0.094167605	-0.0	-0.07376571	-0.0	0.012678914	-0.0	-0.022420242	-0.0	-0.31003013	0.0
0.0048935125	-0.0	-0.00010374701	-0.0	0.00012206426	-0.0	0.002230689	-0.0	0.0023186048	-0.0	0.001475344	-0.0	-0.0011557061	-0.0	-0.00019865297	-0.0	-0.00035125948	-0.0	0.0048573166	0.0
-0.31241718	-0.0	-0.006623484	-0.0	-0.0077928817	-0.0	0.14241438	-0.0	-0.14802751	-0.0	0.09419071	-0.0	0.073783815	-0.0	-0.012682047	-0.0	0.022425741	-0.0	0.31010625	0.0
-0.014679298	-0.0	0.00031118095	-0.0	-0.00036614714	-0.0	-0.0066915723	-0.0	-0.006955293	-0.0	-0.004425664	-0.0	0.0034667961	-0.0	0.0005959263	-0.0	0.0010537412	-0.0	-0.014570719	0.0
-0.15605533	-0.0	-0.00330849	-0.0	-0.003892623	-0.0	0.071137264	-0.0	-0.0739411	-0.0	0.047049146	-0.0	0.036855724	-0.0	-0.006334789	-0.0	0.0112018585	-0.0	0.15490098	0.0
0.017123673	-0.0	-0.00036301263	-0.0	0.00042711993	-0.0	0.0078058173	-0.0	0.00811347	-0.0	0.005162618	-0.0	-0.004044088	-0.0	-0.0006951413	-0.0	-0.0012291957	-0.0	0.016997008	-0.0
0.1557871	-0.0	0.0033028086	-0.0	0.0038859188	-0.0	-0.07101508	-0.0	0.07381402	-0.0	-0.04696827	-0.0	-0.036792353	-0.0	0.006323895	-0.0	-0.011182633	-0.0	-0.1546347	0.0
0.01712368	-0.0	-0.000363021	-0.0	0.00042712575	-0.0	0.007805795	-0.0	0.008113447	-0.0	0.0051626214	-0.0	-0.0040441	-0.0	-0.0006951236	-0.0	-0.0012291799	-0.0	0.016997011	-0.0
-0.15605529	-0.0	-0.003308475	-0.0	-0.0038926005	-0.0	0.071137324	-0.0	-0.073941186	-0.0	0.04704914	-0.0	0.036855664	-0.0	-0.006334834	-0.0	0.011201866	-0.0	0.15490095	0.0
-0.036687523	-0.0	0.0007777854	-0.0	-0.00091511605	-0.0	-0.016723929	-0.0	-0.01738308	-0.0	-0.011060931	-0.0	0.008664502	-0.0	0.0014892936	-0.0	0.0026335116	-0.0	-0.03641615	0.0
-0.07760623	-0.0	-0.0016453012	-0.0	-0.0019357944	-0.0	0.035376564	-0.0	-0.036770914	-0.0	0.023397515	-0.0	0.018328315	-0.0	-0.003150318	-0.0	0.005570703	-0.0	0.07703218	0.0
0.037903104	-0.0	-0.00080355786	-0.0	0.0009454351	-0.0	0.017278042	-0.0	0.017959047	-0.0	0.0114274165	-0.0	-0.008951584	-0.0	-0.0015386367	-0.0	-0.002720776	-0.0	0.037622742	-0.0
0.077012524	-0.0	0.0016327046	-0.0	0.0019209759	-0.0	-0.035105944	-0.0	0.03648962	-0.0	-0.02321852	-0.0	-0.018188095	-0.0	0.0031262145	-0.0	-0.0055280873	-0.0	-0.076442875	0.0
0.03790309	-0.0	-0.00080355786	-0.0	0.00094544067	-0.0	0.017278051	-0.0	0.017959017	-0.0	0.011427411	-0.0	-0.008951588	-0.0	-0.0015386386	-0.0	-0.0027207518	-0.0	0.037622724	0.0
-0.077606186	-0.0	-0.0016453031	-0.0	-0.0019357981	-0.0	0.035376534	-0.0	-0.03677089	-0.0	0.023397503	-0.0	0.018328315	-0.0	-0.003150318	-0.0	0.0055706957	-0.0	0.077032134	0.0
-0.077012494	-0.0	0.0016326813	-0.0	-0.0019209634	-0.0	-0.035105992	-0.0	-0.03648965	-0.0	-0.02321851	-0.0	0.018188056	-0.0	0.0031262678	-0.0	0.0055281245	-0.0	-0.07644283	0.0
-0.037903093	-0.0	-0.0008035565	-0.0	-0.0009454394	-0.0	0.017278038	-0.0	-0.017959062	-0.0	0.011427411	-0.0	0.008951596	-0.0	-0.0015386408	-0.0	0.0027207623	-0.0	0.037622742	0.0
0.07760618	-0.0	-0.0016452568	-0.0	0.0019357669	-0.0	0.03537665	-0.0	0.036770977	-0.0	0.023397502	-0.0	-0.018328259	-0.0	-0.0031503828	-0.0	-0.005570766	-0.0	0.07703214	0.0
0.036687538	-0.0	0.0007777889	-0.0	0.00091512734	-0.0	-0.016723929	-0.0	0.017383078	-0.0	-0.011060927	-0.0	-0.008664519	-0.0	0.0014893021	-0.0	-0.0026334957	-0.0	-0.036416158	0.0
0.0776062	-0.0	-0.0016452754	-0.0	0.001935779	-0.0	0.035376616	-0.0	0.036770944	-0.0	0.023397505	-0.0	-0.018328281	-0.0	-0.0031503576	-0.0	-0.0055707335	-0.0	0.07703215	0.0
-0.037903115	-0.0	-0.0008035714	-0.0	-0.00094544684	-0.0	0.017278012	-0.0	-0.017959032	-0.0	0.011427418	-0.0	0.008951613	-0.0	-0.0015386129	-0.0	0.0027207343	-0.0	0.037622765	0.0
-0.15578702	-0.0	0.003302716	-0.0	-0.0038858806	-0.0	-0.07101523	-0.0	-0.07381419	-0.0	-0.046968255	-0.0	0.03679226	-0.0	0.0063240575	-0.0	0.0111827515	-0.0	-0.15463468	0.0
-0.0171237	-0.0	-0.00036302913	-0.0	-0.00042712863	-0.0	0.007805815	-0.0	-0.008113458	-0.0	0.005162623	-0.0	0.0040441183	-0.0	-0.0006951257	-0.0	0.0012291821	-0.0	0.016997032	0.0
0.15605524	-0.0	-0.0033084066	-0.0	0.0038925717	-0.0	0.07113748	-0.0	0.07394127	-0.0	0.047049124	-0.0	-0.03685561	-0.0	-0.006334937	-0.0	-0.011201995	-0.0	0.15490091	0.0
0.014679324	-0.0	0.00031121288	-0.0	0.00036615186	-0.0	-0.0066915257	-0.0	0.0069552916	-0.0	-0.0044256733	-0.0	-0.0034668304	-0.0	0.00059588585	-0.0	-0.0010537155	-0.0	-0.014570759	0.0
0.15605523	-0.0	-0.0033083973	-0.0	0.003892568	-0.0	0.0711375	-0.0	0.07394128	-0.0	0.047049124	-0.0	-0.036855597	-0.0	-0.006334952	-0.0	-0.01120201	-0.0	0.1549009	0.0
-0.017123692	-0.0	-0.00036302168	-0.0	-0.0004271249	-0.0	0.0078058075	-0.0	-0.008113458	-0.0	0.005162621	-0.0	0.004044111	-0.0	-0.0006951332	-0.0	0.0012291821	-0.0	0.016997032	0.0
-0.31234035	-0.0	0.006621674	-0.0	-0.0077908724	-0.0	-0.14237978	-0.0	-0.14799148	-0.0	-0.09416756	-0.0	0.073765494	-0.0	0.012679229	-0.0	0.022420509	-0.0	-0.31003	-0.0
-0.00489353	-0.0	-0.00010375204	-0.0	-0.00012206506	-0.0	0.0022306913	-0.0	-0.0023186083	-0.0	0.0014753552	-0.0	0.0011557065	-0.0	-0.00019863853	-0.0	0.0003512489	-0.0	0.0048573394	0.0
-0.312417	-0.0	0.006623299	-0.0	-0.0077927844	-0.0	-0.1424147	-0.0	-0.14802778	-0.0	-0.09419066	-0.0	0.07378359	-0.0	0.01268234	-0.0	0.022426005	-0.0	-0.3101061	0.0
-4.4250896e-09	-0.0	4.7421054e-09	-0.0	-3.9875658e-10	-0.0	-2.6494718e-10	-0.0	-3.2891876e-09	-0.0	3.4333425e-10	-0.0	3.0900082e-10	-0.0	-5.641141e-10	-0.0	1.6275408e-09	-0.0	3.819622e-09	0.0
0.31241703	0.0	-0.006623289	-0.0	0.00779278	-0.0	0.14241472	-0.0	0.14802782	-0.0	0.09419067	0.0	-0.07378359	-0.0	-0.012682362	0.0	-0.022426024	-0.0	0.3101061	0.0
-0.004893478	0.0	-0.00010375618	-0.0	-0.00012206587	-0.0	0.0022306691	-0.0	-0.0023185797	-0.0	0.0014753387	0.0	0.0011556982	-0.0	-0.00019863035	0.0	0.00035124386	-0.0	0.0048572817	0.0
-6.890113e-08	0.0	9.549694e-10	-0.0	-1.6549961e-10	-0.0	-3.0890668e-08	0.0	-3.5487574e-08	-0.0	-2.001542e-08	0.0	1.783701e-08	0.0	6.6272605e-09	0.0	6.7946075e-09	0.0	-6.135055e-08	0.0
1.841363e-08	0.0	6.199116e-09	-0.0	2.0008883e-09	-0.0	-2.116849e-09	0.0	1.2660166e-08	-0.0	-5.257334e-09	0.0	-6.5629138e-09	0.0	-2.073648e-09	0.0	4.598405e-09	0.0	-2.1947926e-08	0.0
-6.2483196e-08	0.0	-4.4219632e-09	0.0	2.2862423e-09	0.0	-3.866893e-08	-0.0	-4.2718966e-08	-0.0	-1.8559092e-08	0.0	9.6197255e-09	-0.0	1.4123543e-08	0.0	1.6312697e-08	-0.0	-5.8358637e-08	0.0
1.693843e-08	-0.0	7.450581e-09	-0.0	1.891749e-09	-0.0	-4.7148205e-09	-0.0	6.9849193e-10	-0.0	-3.8344297e-09	-0.0	-2.2992026e-09	-0.0	-1.1641532e-10	-0.0	8.1490725e-09	-0.0	-1.4661055e-08	0.0
6.777327e-08	-0.0	-6.1118044e-10	-0.0	-4.898766e-10	-0.0	3.750057e-08	-0.0	3.518562e-08	-0.0	1.8731498e-08	-0.0	-1.5052592e-08	-0.0	-5.0158633e-09	-0.0	-5.0986273e-09	-0.0	6.55906e-08	0.0
-1.5183105e-08	-0.0	-6.664777e-09	-0.0	-1.3460522e-09	-0.0	3.4192453e-09	-0.0	-6.722985e-09	-0.0	4.5224624e-09	-0.0	-8.2945917e-10	-0.0	4.1691237e-09	-0.0	-1.4377292e-08	-0.0	1.3893441e-08	0.0
-9.360974e-09	-0.0	6.832124e-09	-0.0	-1.9758772e-09	-0.0	7.0705255e-09	-0.0	8.433744e-09	-0.0	-1.9150548e-09	-0.0	1.0831172e-08	-0.0	-6.7147994e-09	-0.0	-9.415089e-09	-0.0	-5.3689746e-09	0.0
4.676175e-08	-0.0	5.3447096e-08	-0.0	-2.1380345e-08	-0.0	-1.2324392e-08	-0.0	4.0072976e-09	-0.0	-2.2836929e-08	-0.0	-1.5151645e-08	-0.0	-2.196029e-08	-0.0	5.7762303e-08	-0.0	-4.2109008e-08	0.0
-8.207985e-09	-0.0	-2.0526314e-09	-0.0	1.1375914e-09	-0.0	-1.1768923e-08	-0.0	-3.650558e-09	-0.0	-1.013513e-09	-0.0	3.070483e-09	-0.0	2.415005e-09	-0.0	1.3657576e-09	-0.0	-2.1453592e-09	0.0
4.4739075e-08	-0.0	4.664847e-08	-0.0	-2.0938748e-08	-0.0	4.9476587e-09	-0.0	1.0564392e-09	-0.0	-1.787721e-08	-0.0	-8.937694e-09	-0.0	-2.0801908e-08	-0.0	4.7079997e-08	-0.0	-3.7316983e-08	0.0
1.44711745e-08	-0.0	1.8763857e-09	-0.0	-2.0401834e-09	-0.0	-1.05311e-08	-0.0	-2.7483393e-09	-0.0	4.3315875e-09	-0.0	-4.7875512e-09	-0.0	1.01250563e-10	-0.0	-5.2408122e-09	-0.0	1.5202342e-08	0.0
-5.0137793e-08	0.0	-6.3691644e-08	-0.0	3.8598387e-09	-0.0	-2.3439384e-09	0.0	4.3746056e-09	-0.0	2.1818295e-08	0.0	1.3289e-08	0.0	2.3822935e-08	0.0	-7.452611e-08	0.0	4.50776e-08	0.0
7.607081e-09	0.0	-8.714919e-09	0.0	8.720078e-09	0.0	-1.5518683e-08	-0.0	-1.622754e-08	0.0	1.7465317e-09	0.0	-1.1069116e-08	-0.0	1.8501918e-08	0.0	1.7535545e-08	-0.0	1.1188844e-08	0.0
0.12246842	0.0	-0.04032733	-0.0	0.09612228	0.0	0.08788711	0.0	-0.11631538	0.0	-0.32226795	0.0	0.29622442	0.0	0.09306401	0.0	-0.002859246	0.0	0.06046765	0.0
0.0019182665	0.0	0.0006316621	0.0	0.0015055968	0.0	-0.0013766119	0.0	-0.0018218833	0.0	0.005047806	0.0	0.0046398854	0.0	-0.00145771	0.0	-4.478654e-05	0.0	-0.0009471354	0.0
0.122438364	0.0	-0.040317405	0.0	0.09609862	0.0	0.08786552	0.0	-0.11628683	0.0	-0.3221889	0.0	0.2961517	0.0	0.09304115	0.0	-0.0028585403	0.0	0.060452797	0.0
0.0019182772	0.0	0.000631663	-0.0	0.0015056042	0.0	-0.0013766091	-0.0	-0.0018219047	0.0	0.0050478135	0.0	0.004639874	0.0	-0.0014576858	-0.0	-4.4784443e-05	0.0	-0.0009471233	0.0
-0.12246844	-0.0	0.040327292	0.0	-0.096122265	0.0	-0.0878871	-0.0	0.11631538	0.0	0.32226798	0.0	-0.2962244	-0.0	-0.09306402	-0.0	0.002859245	0.0	-0.060467627	0.0
-0.005754346	-0.0	-0.0018948327	-0.0	-0.004516432	0.0	0.0041294917	0.0	0.0054652365	0.0	-0.015142198	-0.0	-0.013918502	-0.0	0.0043727364	0.0	0.00013434532	0.0	0.0028411553	0.0
-0.061174117	-0.0	0.020143848	0.0	-0.04801394	-0.0	-0.04390042	-0.0	0.058100596	0.0	0.16097586	0.0	-0.14796683	-0.0	-0.046486348	-0.0	0.001428207	0.0	-0.030204136	0.0
0.00671254	0.0	0.0022103526	0.0	0.0052684927	0.0	-0.004817134	-0.0	-0.0063753026	-0.0	0.01766363	0.0	0.016236156	0.0	-0.0051008565	-0.0	-0.00015671331	-0.0	-0.0033142543	0.0
0.061068967	0.0	-0.020109234	0.0	0.0479314	0.0	0.043824945	0.0	-0.058000747	-0.0	-0.16069916	-0.0	0.14771248	0.0	0.046406414	0.0	-0.001425763	0.0	0.030152235	0.0
0.0067125405	0.0	0.0022103568	0.0	0.005268494	0.0	-0.004817112	0.0	-0.0063752765	0.0	0.017663626	0.0	0.016236177	0.0	-0.005100888	0.0	-0.00015671905	0.0	-0.0033142543	0.0
-0.06117411	-0.0	0.020143885	0.0	-0.04801394	-0.0	-0.04390042	-0.0	0.058100633	0.0	0.16097586	0.0	-0.14796683	-0.0	-0.04648633	-0.0	0.0014282312	0.0	-0.03020415	0.0
-0.014381627	0.0	-0.0047356877	0.0	-0.011287756	0.0	0.010320691	0.0	0.013659069	0.0	-0.037844345	0.0	-0.034786016	0.0	0.010928626	0.0	0.0003357646	0.0	0.007100795	0.0
-0.030421846	0.0	0.010017483	0.0	-0.023877298	-0.0	-0.021831656	0.0	0.02889338	0.0	0.080053195	0.0	-0.07358381	0.0	-0.023117643	0.0	0.0007102041	0.0	-0.01502051	0.0
0.014858135	0.0	0.004892581	0.0	0.011661763	0.0	-0.010662675	0.0	-0.014111642	0.0	0.03909825	0.0	0.035938576	0.0	-0.011290729	0.0	-0.0003468708	0.0	-0.007336065	0.0
0.030189127	0.0	-0.009940869	0.0	0.023694599	0.0	0.021664605	0.0	-0.028672367	0.0	-0.07944078	0.0	0.073020875	0.0	0.022940744	0.0	-0.0007048162	0.0	0.014905627	0.0
0.014858138	0.0	0.00489261	0.0	0.011661745	0.0	-0.010662629	0.0	-0.014111622	0.0	0.03909826	0.0	0.035938594	0.0	-0.011290725	0.0	-0.0003469082	0.0	-0.0073360666	0.0
-0.030421864	0.0	0.01001755	0.0	-0.023877254	0.0	-0.021831604	-0.0	0.028893428	0.0	0.080053195	0.0	-0.07358381	0.0	-0.023117568	-0.0	0.00071029726	0.0	-0.0150205325	0.0
-0.030189136	0.0	-0.0099409	-0.0	-0.023694646	-0.0	0.021664646	0.0	0.028672375	0.0	-0.079440825	0.0	-0.073020935	0.0	0.022940785	0.0	0.00070481887	0.0	0.0149056045	0.0
-0.01485813	0.0	0.004892553	0.0	-0.011661732	0.0	-0.010662619	-0.0	0.014111605	0.0	0.03909824	0.0	-0.035938572	-0.0	-0.011290726	-0.0	0.00034687296	0.0	-0.0073360805	0.0
0.030421881	0.0	0.010017519	0.0	0.023877293	0.0	-0.021831669	-0.0	-0.028893437	-0.0	0.08005325	0.0	0.07358383	0.0	-0.023117583	-0.0	-0.0007102238	-0.0	-0.015020495	0.0
0.014381625	0.0	-0.0047356864	0.0	0.011287751	0.0	0.010320686	0.0	-0.013659062	0.0	-0.037844338	0.0	0.034785993	0.0	0.0109286215	0.0	-0.00033576437	-0.0	0.0071007917	0.0
0.030421844	0.0	0.010017551	0.0	0.023877315	0.0	-0.021831643	-0.0	-0.028893376	-0.0	0.08005322	0.0	0.073583856	0.0	-0.023117682	-0.0	-0.00071028084	-0.0	-0.015020529	0.0
-0.01485813	0.0	0.004892607	0.0	-0.011661724	0.0	-0.010662641	-0.0	0.014111659	0.0	0.039098244	0.0	-0.035938554	-0.0	-0.011290682	-0.0	0.00034690322	0.0	-0.007336077	0.0
-0.061068997	0.0	-0.020109242	-0.0	-0.04793142	0.0	0.043824974	0.0	0.058000777	0.0	-0.16069922	0.0	-0.14771254	0.0	0.046406448	0.0	0.0014257639	0.0	0.030152243	0.0
-0.0067125363	0.0	0.002210368	0.0	-0.005268531	-0.0	-0.0048171366	0.0	0.006375282	0.0	0.01766361	0.0	-0.016236156	0.0	-0.0051008863	0.0	0.0001567181	0.0	-0.0033142348	0.0
0.061174106	0.0	0.020143842	0.0	0.0480139	0.0	-0.043900397	0.0	-0.058100615	0.0	0.16097581	0.0	0.14796685	0.0	-0.046486307	0.0	-0.0014282166	0.0	-0.030204168	0.0
0.0057543423	0.0	-0.0018948568	0.0	0.0045164675	0.0	0.004129516	0.0	-0.00546523	0.0	-0.01514218	0.0	0.013918508	0.0	0.0043727607	0.0	-0.0001343477	0.0	0.0028411224	0.0
0.061174084	0.0	0.020143867	0.0	0.048013937	0.0	-0.043900423	0.0	-0.058100592	0.0	0.1609758	0.0	0.14796685	0.0	-0.04648636	0.0	-0.0014282197	0.0	-0.030204142	0.0
-0.0067125373	0.0	0.0022103642	0.0	-0.005268491	0.0	-0.004817128	0.0	0.0063752886	0.0	0.017663624	0.0	-0.016236171	0.0	-0.005100878	0.0	0.00015671641	0.0	-0.0033142404	0.0
