6.9938615e-06	-0.0	1.3561331e-05	-0.0
-6.7720416e-06	0.0	3.5012176e-06	0.0
-6.995382e-06	0.0	-1.3567787e-05	0.0
6.78554e-06	0.0	-3.4902798e-06	0.0
-6.990742e-06	0.0	-1.3551868e-05	0.0
-6.783879e-06	0.0	3.5086964e-06	0.0
1.3986111e-05	0.0	2.7118858e-05	0.0
-3.3994788e-06	0.0	1.7487818e-06	0.0
-1.398817e-05	0.0	-2.712333e-05	0.0
3.390336e-06	0.0	-1.7435593e-06	0.0
-1.398288e-05	0.0	-2.7114655e-05	0.0
-3.3858048e-06	0.0	1.7433869e-06	0.0
2.7974538e-05	0.0	5.4244272e-05	0.0
-1.6903546e-06	0.0	8.6987535e-07	0.0
-2.7976275e-05	0.0	-5.425379e-05	0.0
1.6891713e-06	0.0	-8.680013e-07	0.0
-2.7973294e-05	0.0	-5.423833e-05	0.0
-1.6953087e-06	0.0	8.689366e-07	0.0
5.5951088e-05	0.0	0.00010849217	0.0
-8.4728924e-07	0.0	4.37308e-07	0.0
-5.5933142e-05	0.0	-0.00010845917	0.0
8.454055e-07	0.0	-4.3466937e-07	0.0
-5.595762e-05	0.0	-0.00010850789	0.0
-8.5724093e-07	0.0	4.3939923e-07	0.0
0.000111895555	0.0	0.00021696865	0.0
-4.1046954e-07	0.0	2.0924305e-07	0.0
-0.00011188883	0.0	-0.00021695014	0.0
4.1933893e-07	0.0	-2.152344e-07	0.0
-0.00011191127	0.0	-0.00021700817	0.0
-4.322868e-07	0.0	2.2760285e-07	0.0
0.00022379743	0.0	0.0004339596	0.0
-2.1443111e-07	0.0	1.09502025e-07	0.0
-0.00022381736	0.0	-0.0004339848	0.0
2.1515895e-07	0.0	-1.1158006e-07	0.0
-0.00022378349	0.0	-0.0004339266	0.0
-2.2010843e-07	0.0	1.1310127e-07	0.0
0.00044760376	0.0	0.00086792005	0.0
-9.5050304e-08	0.0	4.7652488e-08	0.0
-0.00044763443	0.0	-0.0008679701	0.0
1.3617434e-07	0.0	-7.2161534e-08	0.0
-0.0004475974	0.0	-0.00086791004	0.0
-1.11244326e-07	0.0	5.3412705e-08	0.0
0.0008952193	0.0	0.0017358544	0.0
-5.1295295e-08	0.0	1.2774464e-08	0.0
-0.0008952215	0.0	-0.0017358533	0.0
6.19005e-08	0.0	-3.4240358e-08	0.0
-0.0008952159	0.0	-0.0017358494	0.0
-6.636675e-08	0.0	4.2410957e-08	0.0
0.0017904241	0.0	0.0034716935	0.0
-4.325873e-08	0.0	2.1010706e-08	0.0
-0.0017904304	0.0	-0.003471701	-0.0
3.518261e-08	0.0	-2.3367813e-08	0.0
-0.001790423	0.0	-0.003471701	0.0
-2.4912403e-08	0.0	1.49053e-08	0.0
0.0035808668	0.0	0.006943425	0.0
-5.4538205e-08	0.0	3.1760745e-08	0.0
-0.0035808827	0.0	-0.006943444	-0.0
-1.1335949e-08	0.0	4.8218034e-09	0.0
-0.0035808287	0.0	-0.0069433674	-0.0
1.7043966e-08	0.0	-1.402154e-08	0.0
0.0071617374	0.0	0.013886852	0.0
-5.7138138e-08	0.0	3.187497e-08	0.0
-0.007161732	0.0	-0.013886858	0.0
3.3254242e-08	0.0	-1.8078206e-08	-0.0
-0.007161717	0.0	-0.013886798	0.0
5.276637e-08	0.0	-3.408257e-08	0.0
0.014323444	0.0	0.027773634	0.0
-3.6936232e-08	0.0	3.4648956e-08	0.0
-0.014323421	0.0	-0.027773622	0.0
1.935721e-09	0.0	-3.1562404e-08	-0.0
-0.014323458	0.0	-0.027773682	-0.0
2.0269933e-08	0.0	9.284255e-09	-0.0
0.028646879	0.0	0.0555473	-0.0
-2.5242267e-08	0.0	2.5352604e-08	-0.0
-0.028646883	0.0	-0.055547312	-0.0
6.702349e-09	0.0	-3.743541e-08	-0.0
-0.02864688	0.0	-0.05554732	-0.0
6.357734e-09	0.0	1.35426514e-08	0.0
0.057293788	0.0	0.11109467	0.0
-3.3958152e-08	0.0	4.7806935e-08	0.0
-0.057293802	0.0	-0.11109468	0.0
-3.1940818e-08	0.0	-8.199986e-08	0.0
-0.057293795	0.0	-0.11109468	-0.0
3.0740033e-08	0.0	5.207337e-09	-0.0
0.11458756	0.0	0.22218926	-0.0
-8.810641e-09	0.0	1.3343293e-08	-0.0
-0.11458755	0.0	-0.22218922	-0.0
1.4546536e-08	0.0	-3.8599758e-08	-0.0
-0.11458754	0.0	-0.2221892	-0.0
1.10920695e-08	0.0	1.1620184e-08	-0.0
0.22917509	0.0	0.44437844	0.0
-1.233363e-07	0.0	-5.559633e-08	0.0
0.22917509	0.0	0.44437844	0.0
-5.3247735e-08	0.0	3.005954e-08	-0.0
-0.22917509	0.0	-0.44437844	-0.0
-3.6433931e-09	0.0	-1.17307366e-07	-0.0
8.072261e-09	0.0	-2.93581e-09	-0.0
1.9557776e-08	0.0	-5.8910254e-09	-0.0
1.24588695e-08	0.0	-5.4561617e-09	-0.0
3.6729944e-09	0.0	6.1027094e-10	-0.0
-6.82471e-10	0.0	-2.0531296e-10	-0.0
1.2831497e-08	0.0	-3.4360144e-09	-0.0
-1.0652002e-08	0.0	4.8894435e-09	-0.0
3.5355697e-08	0.0	-1.6798822e-08	-0.0
-1.4930265e-08	0.0	6.9267116e-09	-0.0
4.532103e-08	0.0	-2.212255e-08	-0.0
1.4551915e-08	0.0	-6.664777e-09	-0.0
-3.4049663e-08	0.0	1.8440915e-08	-0.0
5.16593e-10	0.0	-2.0372681e-10	-0.0
4.1733074e-08	0.0	-2.165416e-08	-0.0
1.0186341e-10	0.0	1.4551915e-11	-0.0
2.3348548e-08	0.0	-1.19307515e-08	-0.0
-6.220944e-10	0.0	2.401066e-10	-0.0
-2.131975e-08	0.0	1.0758177e-08	-0.0
8.8402885e-10	0.0	-4.2200554e-10	-0.0
-3.2436947e-07	0.0	1.6728882e-07	-0.0
1.2423698e-09	0.0	-6.2937033e-10	-0.0
-3.1499803e-07	0.0	1.6043487e-07	-0.0
2.7284841e-11	0.0	-5.4569682e-11	-0.0
2.6013004e-07	0.0	-1.3445242e-07	-0.0
3.1959644e-09	0.0	-1.6170816e-09	-0.0
-5.296897e-09	0.0	2.3428584e-09	-0.0
5.1340976e-10	0.0	-2.3101165e-10	-0.0
-1.3387762e-09	0.0	2.561137e-09	-0.0
-7.2350304e-10	0.0	3.3833203e-10	-0.0
4.172325e-07	0.0	-2.3841858e-07	-0.0
-6.8746786e-10	0.0	3.6006398e-10	-0.0
5.5879354e-09	0.0	-1.8626451e-09	-0.0
-2.0679441e-10	0.0	1.1817969e-10	-0.0
9.313226e-10	0.0	0.0	-0.0
1.7435509e-10	0.0	-9.65584e-11	-0.0
1.8626451e-09	0.0	-1.3969839e-09	-0.0
2.1276758e-11	0.0	-1.4181212e-11	-0.0
-5.6380905e-10	0.0	5.162804e-10	-0.0
7.61856e-13	0.0	-5.076221e-13	-0.0
-8.831721e-10	0.0	4.6872645e-10	-0.0
-6.221872e-12	0.0	4.147111e-12	-0.0
8.8840096e-10	0.0	-4.0671608e-10	-0.0
7.671904e-14	0.0	-5.0707648e-14	-0.0
-7.493926e-08	0.0	3.7934782e-08	-0.0
-2.1834834e-09	0.0	1.1274053e-09	0.0
-7.470791e-08	0.0	3.770272e-08	-0.0
-2.1722544e-09	0.0	1.1199206e-09	-0.0
7.540492e-08	0.0	-3.8167613e-08	-0.0
4.7010227e-09	0.0	-2.425444e-09	-0.0
0.444386	0.0	-0.22918938	-0.0
1.2619421e-07	0.0	2.477318e-07	-0.0
0.44438592	0.0	-0.22918952	-0.0
1.1106022e-07	0.0	2.4633482e-07	-0.0
-0.44438595	0.0	0.22918937	-0.0
-2.2910535e-07	0.0	-4.7311187e-07	-0.0
-0.22219293	0.0	0.11459483	-0.0
1.4062971e-07	0.0	2.7939677e-07	-0.0
0.2221929	0.0	-0.11459493	-0.0
1.2945384e-07	0.0	2.6542693e-07	-0.0
-0.22219294	0.0	0.11459485	-0.0
-7.8231096e-08	0.0	-1.5646219e-07	-0.0
-0.111096464	0.0	0.05729744	-0.0
3.7252903e-09	0.0	3.7252903e-08	-0.0
0.1110965	0.0	-0.057297375	-0.0
7.450581e-09	0.0	4.0978193e-08	-0.0
-0.11109646	0.0	0.05729744	-0.0
0.0	0.0	-7.450581e-09	-0.0
-0.055548277	0.0	0.028648635	-0.0
2.142042e-08	0.0	5.029142e-08	-0.0
0.055548273	0.0	-0.02864863	0.0
1.6763806e-08	0.0	4.284084e-08	-0.0
-0.05554828	0.0	0.028648635	-0.0
-3.259629e-08	0.0	-6.3329935e-08	-0.0
-0.027774112	0.0	0.0143243205	-0.0
1.3038516e-08	0.0	3.4458935e-08	-0.0
0.027774123	0.0	-0.014324315	-0.0
6.9849193e-09	0.0	2.0489097e-08	-0.0
-0.027774125	0.0	0.014324324	-0.0
-2.6077032e-08	0.0	-3.4458935e-08	-0.0
-0.0138870785	0.0	0.0071621523	-0.0
1.7695129e-08	0.0	2.7008355e-08	-0.0
0.013887039	0.0	-0.0071621276	0.0
1.7695129e-08	0.0	2.7008355e-08	-0.0
-0.013887059	0.0	0.007162143	-0.0
-2.6775524e-08	0.0	-4.656613e-08	0.0
-0.006943515	0.0	0.0035810631	0.0
-2.3283064e-10	0.0	2.0954758e-09	-0.0
0.006943542	0.0	-0.0035810764	-0.0
-8.1490725e-10	0.0	6.9849193e-10	-0.0
-0.0069435104	0.0	0.0035810608	0.0
-4.656613e-09	0.0	-7.683411e-09	0.0
-0.0034717738	0.0	0.0017905374	0.0
-9.546056e-09	0.0	-1.5832484e-08	-0.0
0.0034717696	0.0	-0.0017905338	0.0
-8.381903e-09	0.0	-1.5716068e-08	-0.0
-0.0034717706	0.0	0.0017905358	0.0
2.514571e-08	0.0	4.9592927e-08	0.0
-0.0017358828	0.0	0.00089526793	0.0
-1.717126e-08	0.0	-4.1909516e-08	-0.0
0.0017358774	0.0	-0.0008952621	-0.0
-2.3515895e-08	0.0	-5.3318217e-08	-0.0
-0.00173588	0.0	0.0008952661	0.0
4.7672074e-08	0.0	9.9185854e-08	0.0
-0.0008679361	0.0	0.0004476331	0.0
-4.1851308e-08	0.0	-8.4604835e-08	0.0
0.0008679154	0.0	-0.0004476171	0.0
-4.8268703e-08	0.0	-9.543146e-08	0.0
-0.0008679601	0.0	0.00044764567	0.0
1.116714e-07	0.0	2.1542655e-07	0.0
-0.00043395674	0.0	0.00022381109	0.0
-1.1261727e-07	0.0	-2.1865708e-07	0.0
0.0004339644	0.0	-0.00022381319	-0.0
-1.1148222e-07	0.0	-2.1760934e-07	0.0
-0.00043396748	0.0	0.00022381646	0.0
2.2433233e-07	0.0	4.2638567e-07	0.0
-0.00021697498	0.0	0.00011190353	0.0
-2.1690721e-07	0.0	-4.2130705e-07	0.0
0.00021697636	0.0	-0.00011190668	-0.0
-2.2349195e-07	0.0	-4.3042382e-07	0.0
-0.00021697381	0.0	0.00011190318	0.0
4.434405e-07	0.0	8.6045475e-07	0.0
-0.00010848992	0.0	5.5952456e-05	0.0
-4.3582622e-07	0.0	-8.412171e-07	0.0
0.0001084964	0.0	-5.5955843e-05	0.0
-4.4942317e-07	0.0	-8.6827276e-07	0.0
-0.000108489105	0.0	5.595199e-05	0.0
8.740244e-07	0.0	1.6936501e-06	0.0
-5.4237964e-05	0.0	2.7972159e-05	0.0
-8.6839646e-07	0.0	-1.6812737e-06	0.0
5.4244192e-05	0.0	-2.7974946e-05	0.0
-8.813349e-07	0.0	-1.7075035e-06	0.0
-5.4243144e-05	0.0	2.7974836e-05	0.0
1.7493603e-06	0.0	3.3913784e-06	0.0
-2.710528e-05	0.0	1.397997e-05	0.0
-1.7505499e-06	0.0	-3.3941324e-06	0.0
2.712675e-05	0.0	-1.3992357e-05	0.0
-1.7507518e-06	0.0	-3.3938486e-06	0.0
-2.7143607e-05	0.0	1.3999702e-05	0.0
3.4985342e-06	0.0	6.784465e-06	0.0
-1.3563214e-05	0.0	6.995088e-06	0.0
-3.4965008e-06	0.0	-6.7797314e-06	0.0
1.3555919e-05	0.0	-7.009918e-06	-0.0
-3.4989607e-06	0.0	-6.7846026e-06	0.0
-1.356377e-05	0.0	6.995424e-06	0.0
