0.018517105	0.0	(0.018517105+0j)0.0	
-0.10100421	0.0	(-0.10100421+0j)0.0	
-0.012906102	0.0	(-0.012906102+0j)0.0	
-0.09698904	0.0	(-0.09698904+0j)0.0	
-0.053908885	0.0	(-0.053908885+0j)0.0	
0.113760516	0.0	(0.113760516+0j)0.0	
0.09698901	0.0	(0.09698901+0j)0.0	
-0.004613574	0.0	(-0.004613574+0j)0.0	
0.095553726	0.0	(0.095553726+0j)0.0	
-0.034341127	0.0	(-0.034341127+0j)0.0	
-0.11921097	0.0	(-0.11921097+0j)0.0	
0.07142855	0.0	(0.07142855+0j)0.0	
0.03434108	0.0	(0.03434108+0j)0.0	
-0.042491935	0.0	(-0.042491935+0j)0.0	
0.02112146	0.0	(0.02112146+0j)0.0	
-0.049063034	0.0	(-0.049063034+0j)0.0	
-0.05492064	0.0	(-0.05492064+0j)0.0	
0.066149294	0.0	(0.066149294+0j)0.0	
0.04906304	0.0	(0.04906304+0j)0.0	
0.08754301	0.0	(0.08754301+0j)0.0	
0.076298356	0.0	(0.076298356+0j)0.0	
0.06380603	0.0	(0.06380603+0j)0.0	
-0.032342896	0.0	(-0.032342896+0j)0.0	
-0.053743873	0.0	(-0.053743873+0j)0.0	
-0.06380595	0.0	(-0.06380595+0j)0.0	
-0.0012424851	0.0	(-0.0012424851+0j)0.0	
-0.06419245	0.0	(-0.06419245+0j)0.0	
0.018728329	0.0	(0.018728329+0j)0.0	
0.07709435	0.0	(0.07709435+0j)0.0	
-0.04271299	0.0	(-0.04271299+0j)0.0	
-0.018728418	0.0	(-0.018728418+0j)0.0	
-0.121690266	0.0	(-0.121690266+0j)0.0	
-0.056587163	0.0	(-0.056587163+0j)0.0	
-0.10408554	0.0	(-0.10408554+0j)0.0	
-0.015116587	0.0	(-0.015116587+0j)0.0	
0.108788535	0.0	(0.108788535+0j)0.0	
0.10408558	0.0	(0.10408558+0j)0.0	
-0.10566948	0.0	(-0.10566948+0j)0.0	
0.07121096	0.0	(0.07121096+0j)0.0	
-0.1278238	0.0	(-0.1278238+0j)0.0	
-0.15926771	0.0	(-0.15926771+0j)0.0	
0.17737317	0.0	(0.17737317+0j)0.0	
0.12782384	0.0	(0.12782384+0j)0.0	
-0.0028611869	0.0	(-0.0028611869+0j)0.0	
0.12693366	0.0	(0.12693366+0j)0.0	
-0.04235127	0.0	(-0.04235127+0j)0.0	
-0.15610918	0.0	(-0.15610918+0j)0.0	
0.09091807	0.0	(0.09091807+0j)0.0	
0.042351298	0.0	(0.042351298+0j)0.0	
-0.015008008	0.0	(-0.015008008+0j)0.0	
0.037682258	0.0	(0.037682258+0j)0.0	
-0.026731236	0.0	(-0.026731236+0j)0.0	
-0.05609711	0.0	(-0.05609711+0j)0.0	
0.044183444	0.0	(0.044183444+0j)0.0	
0.026731161	0.0	(0.026731161+0j)0.0	
-0.058056664	0.0	(-0.058056664+0j)0.0	
0.008669295	0.0	(0.008669295+0j)0.0	
-0.060753804	0.0	(-0.060753804+0j)0.0	
-0.050522096	0.0	(-0.050522096+0j)0.0	
0.07647159	0.0	(0.07647159+0j)0.0	
0.060753703	0.0	(0.060753703+0j)0.0	
0.09282896	0.0	(0.09282896+0j)0.0	
0.08963356	0.0	(0.08963356+0j)0.0	
0.06494323	0.0	(0.06494323+0j)0.0	
-0.04489462	0.0	(-0.04489462+0j)0.0	
-0.050976194	0.0	(-0.050976194+0j)0.0	
-0.06494331	0.0	(-0.06494331+0j)0.0	
0.029664367	0.0	(0.029664367+0j)0.0	
-0.055714518	0.0	(-0.055714518+0j)0.0	
0.046997584	0.0	(0.046997584+0j)0.0	
0.08809078	0.0	(0.08809078+0j)0.0	
-0.07440326	0.0	(-0.07440326+0j)0.0	
-0.046997547	0.0	(-0.046997547+0j)0.0	
-0.013443759	0.0	(-0.013443759+0j)0.0	
-0.051180016	0.0	(-0.051180016+0j)0.0	
0.0024787555	0.0	(0.0024787555+0j)0.0	
0.052887607	0.0	(0.052887607+0j)0.0	
-0.018932484	0.0	(-0.018932484+0j)0.0	
-0.002478771	0.0	(-0.002478771+0j)0.0	
-0.028863564	0.0	(-0.028863564+0j)0.0	
-0.011458373	0.0	(-0.011458373+0j)0.0	
-0.0252988	0.0	(-0.0252988+0j)0.0	
-0.0059696524	0.0	(-0.0059696524+0j)0.0	
0.02715601	0.0	(0.02715601+0j)0.0	
0.025298681	0.0	(0.025298681+0j)0.0	
0.003499205	0.0	(0.003499205+0j)0.0	
0.02638737	0.0	(0.02638737+0j)0.0	
-0.0047101052	0.0	(-0.0047101052+0j)0.0	
-0.029632075	0.0	(-0.029632075+0j)0.0	
0.013928906	0.0	(0.013928906+0j)0.0	
0.004710041	0.0	(0.004710041+0j)0.0	
0.055571698	0.0	(0.055571698+0j)0.0	
0.021998852	0.0	(0.021998852+0j)0.0	
0.04872762	0.0	(0.04872762+0j)0.0	
0.01156926	0.0	(0.01156926+0j)0.0	
-0.052326895	0.0	(-0.052326895+0j)0.0	
-0.048727676	0.0	(-0.048727676+0j)0.0	
0.060304582	0.0	(0.060304582+0j)0.0	
-0.029966423	0.0	(-0.029966423+0j)0.0	
0.0696274	0.0	(0.0696274+0j)0.0	
0.077932194	0.0	(0.077932194+0j)0.0	
-0.093872644	0.0	(-0.093872644+0j)0.0	
-0.069627434	0.0	(-0.069627434+0j)0.0	
-0.03826461	0.0	(-0.03826461+0j)0.0	
-0.08153185	0.0	(-0.08153185+0j)0.0	
-0.012899436	0.0	(-0.012899436+0j)0.0	
0.07264552	0.0	(0.07264552+0j)0.0	
-0.009701163	0.0	(-0.009701163+0j)0.0	
0.0128994	0.0	(0.0128994+0j)0.0	
-0.013924553	0.0	(-0.013924553+0j)0.0	
0.008567341	0.0	(0.008567341+0j)0.0	
-0.01658994	0.0	(-0.01658994+0j)0.0	
-0.01999605	0.0	(-0.01999605+0j)0.0	
0.022810867	0.0	(0.022810867+0j)0.0	
0.016589927	0.0	(0.016589927+0j)0.0	
0.09853694	0.0	(0.09853694+0j)0.0	
0.047245506	0.0	(0.047245506+0j)0.0	
0.08383846	0.0	(0.08383846+0j)0.0	
0.010510124	0.0	(0.010510124+0j)0.0	
-0.08710821	0.0	(-0.08710821+0j)0.0	
-0.08383846	0.0	(-0.08383846+0j)0.0	
-0.06253458	0.0	(-0.06253458+0j)0.0	
-0.10329346	0.0	(-0.10329346+0j)0.0	
-0.030399185	0.0	(-0.030399185+0j)0.0	
0.0823517	0.0	(0.0823517+0j)0.0	
0.0047789365	0.0	(0.0047789365+0j)0.0	
0.030399162	0.0	(0.030399162+0j)0.0	
-0.053163353	0.0	(-0.053163353+0j)0.0	
0.013859679	-0.0	(0.013859679-0j)-0.0	
-0.057475157	0.0	(-0.057475157+0j)0.0	
-0.053453814	0.0	(-0.053453814+0j)0.0	
0.07410504	0.0	(0.07410504+0j)0.0	
0.057475135	0.0	(0.057475135+0j)0.0	
-0.092063345	0.0	(-0.092063345+0j)0.0	
0.028833514	0.0	(0.028833514+0j)0.0	
-0.101033665	0.0	(-0.101033665+0j)0.0	
-0.09843481	0.0	(-0.09843481+0j)0.0	
0.13165753	0.0	(0.13165753+0j)0.0	
0.10103368	0.0	(0.10103368+0j)0.0	
0.052922554	0.0	(0.052922554+0j)0.0	
0.11749834	0.0	(0.11749834+0j)0.0	
0.0163679	0.0	(0.0163679+0j)0.0	
-0.10622261	-0.0	(-0.10622261-0j)-0.0	
0.016678775	0.0	(0.016678775+0j)0.0	
-0.016367964	0.0	(-0.016367964+0j)0.0	
-0.06059435	0.0	(-0.06059435+0j)0.0	
-0.03521933	0.0	(-0.03521933+0j)0.0	
-0.049637314	0.0	(-0.049637314+0j)0.0	
0.0010245815	0.0	(0.0010245815+0j)0.0	
0.049318597	0.0	(0.049318597+0j)0.0	
0.049637333	0.0	(0.049637333+0j)0.0	
-0.011113673	0.0	(-0.011113673+0j)0.0	
0.04617979	0.0	(0.04617979+0j)0.0	
-0.025480563	0.0	(-0.025480563+0j)0.0	
-0.06373313	0.0	(-0.06373313+0j)0.0	
0.04530842	0.0	(0.04530842+0j)0.0	
0.025480535	0.0	(0.025480535+0j)0.0	
-0.120290905	0.0	(-0.120290905+0j)0.0	
-0.011942903	0.0	(-0.011942903+0j)0.0	
-0.116575375	0.0	(-0.116575375+0j)0.0	
-0.068365	0.0	(-0.068365+0j)0.0	
0.13784431	0.0	(0.13784431+0j)0.0	
0.11657536	0.0	(0.11657536+0j)0.0	
0.013885669	0.0	(0.013885669+0j)0.0	
0.120895274	0.0	(0.120895274+0j)0.0	
-0.023725817	0.0	(-0.023725817+0j)0.0	
-0.13723984	0.0	(-0.13723984+0j)0.0	
0.0664222	0.0	(0.0664222+0j)0.0	
0.023725867	0.0	(0.023725867+0j)0.0	
-0.008371355	0.0	(-0.008371355+0j)0.0	
0.021121472	0.0	(0.021121472+0j)0.0	
-0.014942351	0.0	(-0.014942351+0j)0.0	
-0.03141519	-0.0	(-0.03141519-0j)-0.0	
0.024715882	0.0	(0.024715882+0j)0.0	
0.014942355	0.0	(0.014942355+0j)0.0	
0.0050035724	0.0	(0.0050035724+0j)0.0	
0.016499002	0.0	(0.016499002+0j)0.0	
-0.00012937223	0.0	(-0.00012937223+0j)0.0	
-0.016588189	0.0	(-0.016588189+0j)0.0	
0.0052901236	0.0	(0.0052901236+0j)0.0	
0.00012942404	0.0	(0.00012942404+0j)0.0	
0.06614789	0.0	(0.06614789+0j)0.0	
0.020708518	0.0	(0.020708518+0j)0.0	
0.059705306	0.0	(0.059705306+0j)0.0	
0.02042197	0.0	(0.02042197+0j)0.0	
-0.066058725	0.0	(-0.066058725+0j)0.0	
-0.059705287	0.0	(-0.059705287+0j)0.0	
-0.0147410855	0.0	(-0.0147410855+0j)0.0	
-0.0642914	0.0	(-0.0642914+0j)0.0	
0.0052604824	0.0	(0.0052604824+0j)0.0	
0.067915246	0.0	(0.067915246+0j)0.0	
-0.026389427	0.0	(-0.026389427+0j)0.0	
-0.0052604345	0.0	(-0.0052604345+0j)0.0	
-0.05839991	0.0	(-0.05839991+0j)0.0	
-0.023429077	-0.0	(-0.023429077-0j)-0.0	
-0.051110893	0.0	(-0.051110893+0j)0.0	
-0.011780823	-0.0	(-0.011780823-0j)-0.0	
0.054776013	0.0	(0.054776013+0j)0.0	
0.05111092	0.0	(0.05111092+0j)0.0	
-0.0005038613	0.0	(-0.0005038613+0j)0.0	
0.050954215	0.0	(0.050954215+0j)0.0	
-0.016356071	0.0	(-0.016356071+0j)0.0	
-0.062221788	-0.0	(-0.062221788-0j)-0.0	
0.035713736	0.0	(0.035713736+0j)0.0	
0.016356096	0.0	(0.016356096+0j)0.0	
-0.0015582736	0.0	(-0.0015582736+0j)0.0	
0.015871253	0.0	(0.015871253+0j)0.0	
-0.0064959168	0.0	(-0.0064959168+0j)0.0	
-0.020346332	0.0	(-0.020346332+0j)0.0	
0.012825845	0.0	(0.012825845+0j)0.0	
0.006495956	-0.0	(0.006495956-0j)-0.0	
0.018013276	0.0	(0.018013276+0j)0.0	
0.012100053	0.0	(0.012100053+0j)0.0	
0.0142489	0.0	(0.0142489+0j)0.0	
-0.0022840973	0.0	(-0.0022840973+0j)0.0	
-0.013538281	0.0	(-0.013538281+0j)0.0	
-0.014248894	-0.0	(-0.014248894-0j)-0.0	
0.015702408	0.0	(0.015702408+0j)0.0	
-0.009363695	0.0	(-0.009363695+0j)0.0	
0.018615544	0.0	(0.018615544+0j)0.0	
0.022187851	0.0	(0.022187851+0j)0.0	
-0.025518369	0.0	(-0.025518369+0j)0.0	
-0.018615603	0.0	(-0.018615603+0j)0.0	
0.15838544	0.0	(0.15838544+0j)0.0	
0.030659374	0.0	(0.030659374+0j)0.0	
0.14884704	0.0	(0.14884704+0j)0.0	
0.07188024	0.0	(0.07188024+0j)0.0	
-0.17120954	0.0	(-0.17120954+0j)0.0	
-0.14884712	0.0	(-0.14884712+0j)0.0	
-0.08982124	0.0	(-0.08982124+0j)0.0	
-0.17679119	0.0	(-0.17679119+0j)0.0	
-0.034820117	0.0	(-0.034820117+0j)0.0	
0.15280387	0.0	(0.15280387+0j)0.0	
-0.0127183255	0.0	(-0.0127183255+0j)0.0	
0.034820154	0.0	(0.034820154+0j)0.0	
-0.008507758	0.0	(-0.008507758+0j)0.0	
0.032173287	0.0	(0.032173287+0j)0.0	
-0.018517122	0.0	(-0.018517122+0j)0.0	
-0.044929575	0.0	(-0.044929575+0j)0.0	
0.032495067	0.0	(0.032495067+0j)0.0	
