0.00026346967	-0.0	-0.49999934	-0.0	2.3149804e-08	-0.0	-2.3153188e-08	-0.0
2.556871e-08	0.0	-2.1866111e-07	0.0	6.99891e-08	0.0	-5.224866e-08	0.0
0.0002634737	0.0	-0.5000002	0.0	4.0680263e-08	0.0	-2.218972e-08	0.0
4.0773614e-08	0.0	5.911005e-11	0.0	6.339724e-08	0.0	-5.96225e-08	0.0
-0.0002634591	0.0	0.49999997	0.0	-1.4666902e-08	0.0	4.517358e-08	0.0
1.0996404e-08	0.0	-2.1874989e-07	0.0	-1.0275752e-07	0.0	3.3087353e-08	0.0
-8.007919e-08	0.0	4.4703484e-08	0.0	1.0809726e-09	0.0	9.08776e-09	0.0
1.1030242e-08	0.0	-5.4313887e-11	0.0	-1.4998149e-07	0.0	4.8059853e-08	0.0
-8.159259e-08	0.0	4.4703484e-08	0.0	-1.8052685e-08	0.0	-2.3054852e-08	0.0
1.5609446e-08	0.0	-3.123546e-11	0.0	-9.153863e-08	0.0	4.3075257e-08	0.0
2.2730092e-08	0.0	-4.4703484e-08	0.0	1.955704e-08	0.0	1.8730612e-08	0.0
3.770223e-08	0.0	5.6651572e-11	0.0	4.8622258e-08	0.0	-6.585794e-08	0.0
4.6882633e-08	0.0	-2.2351742e-08	0.0	2.3881803e-08	0.0	1.6908706e-08	0.0
7.912776e-09	0.0	2.486189e-11	0.0	5.781177e-08	0.0	-6.426175e-09	0.0
6.863047e-08	0.0	-2.6077032e-08	0.0	2.0928315e-08	0.0	8.830921e-09	0.0
4.5275623e-09	0.0	6.0893512e-12	0.0	3.5386268e-08	0.0	1.7896621e-08	0.0
-6.700631e-08	0.0	2.2450095e-08	0.0	-1.1664585e-08	-0.0	-2.3851738e-09	-0.0
1.800855e-08	0.0	1.928986e-11	0.0	-2.7046532e-09	0.0	-2.9641729e-08	0.0
-1.9681465e-08	0.0	9.313226e-09	0.0	1.6276312e-08	0.0	-5.9326517e-09	0.0
-7.8968037e-07	0.0	-6.010552e-10	0.0	0.35429934	0.0	0.35428968	0.0
-4.6827154e-08	0.0	1.1175871e-08	0.0	0.0055493955	0.0	-0.0055495324	0.0
-7.41858e-07	0.0	-5.795133e-10	0.0	0.35421234	0.0	0.35420272	0.0
-4.1116436e-08	0.0	-6.519258e-09	0.0	0.0055493684	0.0	-0.0055494946	0.0
8.025084e-07	0.0	6.136416e-10	0.0	-0.35429928	0.0	-0.35428962	0.0
8.278357e-08	0.0	-2.3283064e-09	0.0	-0.016646726	0.0	0.01664722	0.0
4.1547582e-07	0.0	3.1585223e-10	0.0	-0.17697583	0.0	-0.17697097	0.0
-1.7216553e-07	0.0	2.3283064e-09	0.0	0.019418724	0.0	-0.019419225	0.0
-3.9927295e-07	0.0	-2.9162628e-10	0.0	0.17667162	0.0	0.17666687	0.0
-1.716412e-07	0.0	2.3283064e-09	0.0	0.019418716	0.0	-0.019419223	0.0
4.1487888e-07	0.0	3.1226238e-10	0.0	-0.1769758	0.0	-0.17697097	0.0
3.2463026e-07	0.0	-3.958121e-09	-0.0	-0.041604593	-0.0	0.041605756	0.0
1.8360018e-07	0.0	1.5229351e-10	-0.0	-0.088010006	-0.0	-0.0880076	0.0
-3.546554e-07	0.0	4.1909516e-09	-0.0	0.042983092	-0.0	-0.04298426	0.0
-2.2247323e-07	0.0	-1.4257306e-10	-0.0	0.087336704	-0.0	0.08733435	0.0
-3.5368333e-07	0.0	3.7252903e-09	-0.0	0.042983096	-0.0	-0.042984255	0.0
1.9120353e-07	0.0	1.5220236e-10	-0.0	-0.08800999	-0.0	-0.08800759	0.0
6.7026167e-07	0.0	-7.799827e-09	-0.0	-0.08733409	-0.0	0.08733648	0.0
9.415032e-08	0.0	8.798151e-11	0.0	-0.0429844	0.0	-0.042983223	0.0
-6.704106e-07	0.0	7.858034e-09	0.0	0.08800739	0.0	-0.088009775	0.0
-1.4916998e-07	0.0	-7.8522966e-11	0.0	0.041605875	0.0	0.041604757	0.0
-6.6905636e-07	0.0	7.887138e-09	0.0	0.08800739	0.0	-0.088009775	0.0
7.993128e-08	0.0	8.245182e-11	0.0	-0.042984385	0.0	-0.04298318	0.0
1.3073764e-06	0.0	-1.5745172e-08	0.0	-0.17666636	0.0	0.17667119	0.0
4.56902e-08	0.0	4.684907e-11	-0.0	-0.019419285	-0.0	-0.019418757	0.0
-1.3535936e-06	0.0	1.5701952e-08	-0.0	0.17697068	-0.0	-0.17697549	0.0
-7.757103e-08	0.0	-3.5951908e-11	-0.0	0.016647242	-0.0	0.016646793	0.0
-1.3537865e-06	0.0	1.5701952e-08	-0.0	0.17697063	-0.0	-0.17697537	0.0
5.6753976e-08	0.0	5.3378513e-11	-0.0	-0.019419307	-0.0	-0.019418769	0.0
2.6952257e-06	0.0	-3.137393e-08	-0.0	-0.35420206	-0.0	0.3542117	0.0
3.8094186e-08	0.0	3.2120306e-11	-0.0	-0.005549544	-0.0	-0.0055494024	0.0
2.7677772e-06	0.0	-3.13521e-08	-0.0	-0.3542891	-0.0	0.3542987	0.0
-1.250637e-07	0.0	-8.620171e-11	0.0	1.0734311e-07	0.0	1.2721102e-07	0.0
-2.6565008e-06	0.0	3.1381205e-08	0.0	0.35428903	0.0	-0.35429883	0.0
-4.069989e-09	0.0	1.5321078e-12	0.0	-0.005549521	0.0	-0.005549367	0.0
9.386761e-08	0.0	2.1827873e-11	0.0	-3.2261443e-07	0.0	1.9828585e-07	0.0
-2.9531293e-08	0.0	-2.4936497e-11	0.0	2.5242116e-08	0.0	2.6191628e-08	0.0
1.521288e-09	0.0	-4.0017767e-11	0.0	-2.6259997e-07	0.0	2.6362994e-07	0.0
-3.4458935e-08	0.0	-2.5968117e-11	-0.0	2.7115675e-08	-0.0	3.5877747e-08	0.0
4.9131256e-08	0.0	5.7343456e-11	-0.0	2.291035e-07	-0.0	-2.9754904e-07	0.0
-9.1640544e-08	0.0	-6.034111e-11	-0.0	5.9295406e-08	-0.0	7.1569964e-08	0.0
3.953092e-08	0.0	3.092282e-11	-0.0	-4.1478643e-08	-0.0	-1.8493495e-08	0.0
7.494236e-09	0.0	4.3041126e-12	-0.0	3.1144737e-08	-0.0	3.446621e-08	0.0
1.120015e-08	0.0	1.1823431e-11	-0.0	-2.543004e-08	-0.0	1.4726197e-08	0.0
-6.0754246e-09	0.0	-1.01265255e-11	-0.0	4.4303306e-08	-0.0	4.9527443e-08	0.0
3.2009815e-08	0.0	9.094947e-12	-0.0	-8.381107e-09	-0.0	-3.150717e-08	0.0
-7.535709e-08	0.0	-3.8674376e-11	0.0	5.5879354e-09	0.0	9.815267e-09	0.0
3.3814764e-08	0.0	1.8189894e-11	0.0	-6.3541847e-09	0.0	-3.701325e-08	0.0
-0.5	0.0	-0.00026445618	0.0	-1.070337e-06	0.0	9.5085124e-07	0.0
6.185024e-08	0.0	5.020411e-10	0.0	9.887981e-08	0.0	4.082608e-08	0.0
-0.49999985	0.0	-0.00026445618	0.0	-1.1885131e-06	0.0	8.4438943e-07	0.0
7.735116e-08	0.0	5.0749804e-10	0.0	3.2639946e-08	0.0	7.661765e-08	0.0
0.4999997	0.0	0.00026445597	-0.0	1.075311e-06	-0.0	-9.359099e-07	0.0
-2.8730588e-07	0.0	-1.5540991e-09	-0.0	-2.0526886e-07	-0.0	-2.3727989e-07	0.0
0.2500001	0.0	0.00013222812	-0.0	6.9639646e-07	-0.0	-3.9237784e-07	0.0
7.535603e-08	0.0	1.6759714e-09	-0.0	5.7855686e-08	-0.0	7.313611e-08	0.0
-0.25000006	0.0	-0.00013222806	-0.0	-7.8597805e-07	-0.0	3.3603283e-07	0.0
7.3827245e-08	0.0	1.6748345e-09	-0.0	6.95436e-08	-0.0	6.107348e-08	0.0
0.24999982	0.0	0.00013222804	-0.0	6.661867e-07	-0.0	-3.822497e-07	0.0
-2.3869143e-08	0.0	-3.5183234e-09	-0.0	-2.8479917e-08	-0.0	-2.7095666e-08	0.0
0.125	0.0	6.6114124e-05	0.0	4.7218055e-07	0.0	-5.972106e-08	0.0
4.8109353e-08	0.0	3.6478696e-09	0.0	1.4209945e-08	0.0	6.783375e-08	0.0
-0.12500012	0.0	-6.611404e-05	0.0	-5.1083043e-07	0.0	6.6589564e-08	0.0
4.599122e-08	0.0	3.6467043e-09	0.0	5.974289e-08	0.0	1.26347e-08	0.0
0.12500013	0.0	6.611411e-05	0.0	4.0745363e-07	0.0	-1.5646219e-07	0.0
-8.469811e-08	0.0	-7.4065127e-09	-0.0	-6.387927e-08	-0.0	-7.7925506e-08	0.0
0.062500045	0.0	3.305684e-05	-0.0	3.6639733e-07	-0.0	4.5323425e-08	0.0
7.029047e-08	0.0	7.4572855e-09	-0.0	6.9653986e-08	-0.0	4.1966416e-08	0.0
-0.06250006	0.0	-3.305651e-05	-0.0	-2.3513367e-07	-0.0	4.8919834e-08	0.0
7.288785e-08	0.0	7.4586355e-09	-0.0	4.7418656e-08	-0.0	6.6733776e-08	0.0
0.06250011	0.0	3.3056884e-05	-0.0	1.7431205e-07	-0.0	-7.993946e-08	0.0
-5.2485056e-08	0.0	-1.4926275e-08	-0.0	-5.086663e-08	-0.0	-3.3796393e-08	0.0
0.03124998	0.0	1.6527938e-05	-0.0	3.5390258e-08	-0.0	-1.1455268e-07	-0.0
4.0293394e-08	0.0	1.494896e-08	-0.0	4.612957e-08	0.0	1.2369128e-08	-0.0
-0.031250022	0.0	-1.6527472e-05	0.0	-6.7055225e-08	0.0	5.3085387e-08	0.0
3.397749e-08	0.0	1.4945716e-08	0.0	2.5087502e-08	0.0	3.2567186e-08	0.0
0.031250097	0.0	1.652802e-05	0.0	1.4156103e-07	0.0	4.284084e-08	0.0
-3.737305e-08	0.0	-2.9904378e-08	-0.0	-2.872548e-08	0.0	-2.9278453e-08	-0.0
0.015625007	0.0	8.263487e-06	-0.0	1.6391277e-07	-0.0	8.381903e-08	-0.0
1.5219147e-08	0.0	2.990725e-08	-0.0	-3.608875e-09	-0.0	5.296897e-09	-0.0
-0.015624989	0.0	-8.263837e-06	-0.0	-6.3329935e-08	-0.0	1.4901161e-08	-0.0
1.4718306e-08	0.0	2.9906992e-08	-0.0	2.1012966e-08	-0.0	2.325396e-08	-0.0
0.015625011	0.0	8.263462e-06	-0.0	-6.798655e-08	-0.0	-1.3411045e-07	-0.0
-2.7779027e-08	0.0	-5.9827684e-08	-0.0	-1.8806531e-08	-0.0	-2.6938324e-08	-0.0
0.007812523	0.0	4.132618e-06	-0.0	1.0244548e-08	-0.0	-1.1641532e-08	-0.0
1.0531501e-08	0.0	5.9825965e-08	-0.0	1.2230885e-08	-0.0	9.094947e-10	0.0
-0.0078124627	0.0	-4.1303574e-06	0.0	-2.561137e-08	-0.0	1.6298145e-08	0.0
1.1769064e-08	0.0	5.982661e-08	0.0	-5.7480065e-10	0.0	1.6043487e-08	0.0
0.0078124264	0.0	4.1325598e-06	-0.0	4.749745e-08	0.0	-4.1909516e-09	-0.0
-9.234796e-09	0.0	-1.1965308e-07	-0.0	-8.069037e-09	0.0	-6.4756023e-09	-0.0
0.003906045	0.0	2.0640364e-06	-0.0	1.040753e-07	0.0	5.9604645e-08	-0.0
-3.8350585e-09	0.0	1.1964994e-07	-0.0	-5.855327e-08	-0.0	6.08743e-08	-0.0
-0.0039062947	0.0	-2.0639272e-06	-0.0	-5.5879354e-09	-0.0	1.1641532e-08	-0.0
-9.1786845e-10	0.0	1.1965145e-07	-0.0	6.298069e-08	-0.0	-6.6247594e-08	-0.0
0.0039064437	0.0	2.064271e-06	-0.0	-7.846393e-08	-0.0	-7.4505806e-08	-0.0
5.7194427e-09	0.0	-2.3930428e-07	-0.0	-6.4464984e-09	-0.0	1.26347e-08	0.0
0.0019531995	0.0	1.0349686e-06	-0.0	8.1490725e-10	-0.0	-2.712477e-08	0.0
-5.199716e-09	0.0	2.3930656e-07	-0.0	-7.772542e-09	-0.0	-2.122033e-08	0.0
-0.001953192	0.0	-1.0364238e-06	-0.0	1.0593794e-08	-0.0	1.4086254e-08	0.0
-5.9229066e-11	0.0	2.393092e-07	0.0	1.5452315e-08	0.0	7.708877e-09	-0.0
0.0019531548	0.0	1.0349759e-06	-0.0	-6.6356733e-09	0.0	1.0128133e-08	0.0
-1.2722587e-09	0.0	-4.7862136e-07	0.0	6.4028427e-10	0.0	-3.099558e-09	0.0
0.0009766594	0.0	5.163165e-07	-0.0	-2.2700988e-08	0.0	-3.0559022e-08	0.0
3.573609e-09	0.0	4.786232e-07	0.0	1.5664227e-08	0.0	-1.0189069e-08	0.0
-0.0009766817	0.0	-5.2580435e-07	-0.0	-3.434252e-09	-0.0	6.4028427e-10	-0.0
3.7430947e-09	0.0	4.7862324e-07	-0.0	-1.2974851e-08	-0.0	1.845001e-08	0.0
0.0009765849	0.0	5.162656e-07	-0.0	1.4726538e-08	-0.0	1.7986167e-08	0.0
-6.5770394e-09	0.0	-9.572462e-07	-0.0	3.52793e-09	-0.0	-1.27083695e-08	0.0
0.00048820674	0.0	2.3764005e-07	-0.0	1.36788e-09	-0.0	4.3364707e-09	0.0
3.0784442e-09	0.0	9.572444e-07	-0.0	1.6207196e-09	-0.0	4.182766e-09	0.0
-0.00048808753	0.0	-2.2961467e-07	-0.0	-1.7113052e-08	-0.0	-1.0186341e-08	0.0
3.1688074e-09	0.0	9.572444e-07	-0.0	3.250534e-09	-0.0	2.0872903e-09	0.0
0.00048820674	0.0	2.3764733e-07	-0.0	1.6210834e-08	0.0	4.278263e-09	0.0
8.483596e-10	0.0	-1.914485e-06	-0.0	1.8831088e-09	0.0	-2.0831976e-09	0.0
0.00024417043	-0.0	1.2127566e-07	-0.0	-7.363269e-09	0.0	-2.415618e-09	0.0
-4.3052992e-09	0.0	1.914482e-06	0.0	4.499725e-10	0.0	-4.8889888e-09	0.0
-0.00024420023	0.0	-1.7462298e-10	0.0	-2.6193447e-09	0.0	-1.5570549e-09	0.0
-4.466372e-09	0.0	1.914482e-06	-0.0	-2.3667326e-09	-0.0	-1.1846168e-09	0.0
0.00024417043	-0.0	1.2126111e-07	-0.0	2.5698682e-08	-0.0	1.3416866e-08	0.0
9.100141e-09	0.0	-3.822689e-06	-0.0	-2.6802809e-09	-0.0	6.232767e-09	0.0
0.0001219213	0.0	1.8189894e-09	-0.0	1.193257e-09	-0.0	-4.8603397e-09	0.0
-5.6130673e-09	0.0	3.8121875e-06	-0.0	-7.607696e-09	-0.0	2.4590463e-09	0.0
-0.00012200512	0.0	-3.6798156e-09	-0.0	1.4966645e-08	-0.0	9.065843e-09	0.0
-5.5020752e-09	0.0	3.8121875e-06	-0.0	-7.901235e-10	-0.0	-4.1002295e-09	0.0
0.0001219511	0.0	1.8189894e-09	-0.0	-1.38243195e-08	-0.0	-5.2095857e-09	0.0
3.9541312e-09	0.0	-7.635453e-06	-0.0	1.0730332e-08	-0.0	-1.0822191e-08	0.0
6.0998835e-05	0.0	1.8367246e-09	0.0	-1.0335498e-08	0.0	-9.25138e-09	0.0
-4.3601212e-10	0.0	7.629555e-06	0.0	-7.918459e-09	0.0	1.15942385e-08	0.0
-6.0984716e-05	0.0	-1.4449679e-08	0.0	1.6698323e-09	-0.0	1.9244908e-09	0.0
-2.9936054e-10	0.0	7.629555e-06	0.0	-8.1581675e-09	0.0	1.180814e-08	0.0
6.1005354e-05	0.0	1.841272e-09	-0.0	-6.4719643e-09	-0.0	-2.7030183e-09	0.0
7.025669e-10	0.0	-1.5259102e-05	-0.0	1.4272587e-08	-0.0	-1.682804e-08	0.0
3.0467287e-05	0.0	9.333689e-09	-0.0	1.17634045e-08	-0.0	1.05519575e-08	0.0
-4.438135e-09	0.0	1.525894e-05	-0.0	-6.880839e-09	-0.0	1.635621e-08	0.0
-3.0457973e-05	0.0	5.511538e-10	-0.0	-1.6105332e-08	-0.0	-1.2165401e-08	0.0
-4.264315e-09	0.0	1.5258942e-05	-0.0	-5.169227e-09	-0.0	1.4707808e-08	0.0
3.048405e-05	0.0	9.338692e-09	-0.0	-7.185008e-10	-0.0	-3.1523086e-09	0.0
1.6056248e-08	0.0	-3.051758e-05	-0.0	3.7477434e-08	-0.0	-3.7512393e-08	0.0
1.52256725e-05	0.0	-6.0590066e-09	0.0	5.044967e-09	0.0	4.270987e-09	0.0
-1.9729455e-08	0.0	3.0517405e-05	0.0	-3.592757e-08	0.0	3.5158365e-08	-0.0
-1.524617e-05	0.0	3.5968024e-09	0.0	-3.259629e-09	0.0	-3.259629e-09	0.0
-1.9697147e-08	0.0	3.0517405e-05	0.0	-3.576477e-08	0.0	3.4543234e-08	0.0
1.52312605e-05	0.0	-6.056733e-09	0.0	8.260031e-09	0.0	7.7188815e-09	0.0
3.9447514e-08	0.0	-6.1034807e-05	-0.0	5.9604645e-08	-0.0	0.0	0.0
7.634269e-06	0.0	3.330638e-10	-0.0	-3.6288839e-10	-0.0	4.037247e-09	0.0
-3.5685844e-08	0.0	6.103492e-05	-0.0	-5.9604645e-08	-0.0	5.9604645e-08	0.0
-7.6584965e-06	0.0	-1.6356796e-09	-0.0	9.778887e-09	-0.0	8.381903e-09	0.0
-3.592686e-08	0.0	6.103492e-05	-0.0	-5.9604645e-08	-0.0	1.1920929e-07	0.0
7.647308e-06	0.0	3.407945e-10	-0.0	-9.451469e-09	-0.0	-1.01154e-08	0.0
6.432151e-08	0.0	-0.00012207012	-0.0	-2.9802322e-08	-0.0	2.9802322e-08	0.0
3.825989e-06	0.0	-4.1345016e-10	-0.0	-3.7252903e-09	-0.0	-5.5879354e-09	0.0
-6.071451e-08	0.0	0.00012207025	0.0	7.450581e-09	-0.0	-5.2154064e-08	0.0
-3.811551e-06	0.0	2.6822047e-09	0.0	3.7252903e-09	0.0	3.7252903e-09	0.0
-6.062612e-08	0.0	0.00012207025	0.0	2.2351742e-08	0.0	-5.9604645e-08	0.0
3.8325084e-06	0.0	-4.052647e-10	0.0	-1.1175871e-08	0.0	-1.1175871e-08	0.0
1.2134092e-07	0.0	-0.00024414025	0.0	2.9802322e-08	0.0	-2.9802322e-08	0.0
1.8661901e-06	0.0	-4.142198e-09	-0.0	4.656613e-09	-0.0	1.0244548e-08	0.0
-1.2508059e-07	0.0	0.00024414001	-0.0	2.2351742e-08	-0.0	-2.9802322e-08	0.0
-1.8703763e-06	0.0	6.807615e-09	-0.0	-3.7252903e-09	-0.0	-3.7252903e-09	0.0
-1.2490727e-07	0.0	0.00024414001	-0.0	2.2351742e-08	-0.0	-2.9802322e-08	0.0
1.9099623e-06	0.0	-4.1194608e-09	-0.0	-1.4901161e-08	-0.0	-1.1175871e-08	0.0
2.5729156e-07	0.0	-0.00048828006	-0.0	-2.2351742e-08	-0.0	2.2351742e-08	0.0
9.3192807e-07	0.0	-3.5038468e-09	-0.0	7.450581e-09	-0.0	7.450581e-09	0.0
-2.609068e-07	0.0	0.00048827985	-0.0	7.450581e-09	-0.0	-1.4901161e-08	0.0
-9.528882e-07	0.0	1.7739338e-09	0.0	1.1175871e-08	0.0	1.1175871e-08	0.0
-2.6098036e-07	0.0	0.00048827985	0.0	-7.450581e-09	0.0	0.0	0.0
9.3844733e-07	0.0	-3.4992993e-09	0.0	0.0	0.0	-1.8626451e-09	0.0
5.218891e-07	0.0	-0.0009765606	-0.0	0.0	-0.0	1.4901161e-08	0.0
4.932132e-07	0.0	1.3481317e-09	0.0	-1.1175871e-08	0.0	-7.450581e-09	0.0
-5.1815607e-07	0.0	0.0009765601	-0.0	1.6763806e-08	-0.0	-1.4901161e-08	0.0
-5.118448e-07	0.0	-3.6734153e-09	-0.0	1.4901161e-08	-0.0	7.450581e-09	0.0
-5.1832114e-07	0.0	0.0009765601	-0.0	1.4901161e-08	-0.0	-1.3038516e-08	0.0
4.950758e-07	0.0	1.347677e-09	-0.0	-3.7252903e-09	-0.0	-3.7252903e-09	0.0
1.0291758e-06	0.0	-0.001953119	-0.0	-3.7252903e-09	-0.0	3.7252903e-09	0.0
2.4567856e-07	0.0	6.371095e-10	-0.0	0.0	-0.0	7.450581e-09	0.0
-1.0255628e-06	0.0	0.0019531201	-0.0	-3.7252903e-09	-0.0	3.7252903e-09	0.0
-2.3822214e-07	0.0	7.505347e-09	-0.0	-2.9802322e-08	-0.0	-2.9802322e-08	0.0
-1.0254887e-06	0.0	0.00195312	0.0	-1.1175871e-08	0.0	7.450581e-09	-0.0
2.6616564e-07	0.0	6.425668e-10	0.0	-1.4901161e-08	0.0	0.0	0.0
2.0510554e-06	0.0	-0.0039062453	0.0	9.313226e-09	-0.0	-2.0489097e-08	0.0
9.5355375e-08	0.0	-7.866675e-09	0.0	0.0	0.0	-1.4901161e-08	0.0
-2.0547525e-06	0.0	0.0039062474	0.0	-2.7939677e-09	0.0	1.21071935e-08	0.0
-8.370495e-08	0.0	1.0199157e-08	0.0	0.0	0.0	-2.9802322e-08	0.0
-2.0546631e-06	0.0	0.0039062474	0.0	-1.0244548e-08	0.0	1.21071935e-08	0.0
1.0746342e-07	0.0	-7.863038e-09	-0.0	-1.4901161e-08	-0.0	-2.9802322e-08	0.0
4.1167164e-06	0.0	-0.0078124916	-0.0	3.7252903e-09	-0.0	-3.7252903e-09	0.0
4.790428e-08	0.0	-7.264632e-09	-0.0	0.0	0.0	2.9802322e-08	0.0
-4.120269e-06	0.0	0.0078124963	0.0	4.8894435e-09	0.0	-1.17579475e-08	0.0
-5.9546494e-08	0.0	1.0463937e-08	0.0	1.1920929e-07	0.0	1.1920929e-07	0.0
-4.120468e-06	0.0	0.0078124963	0.0	4.8894435e-09	0.0	-9.895302e-09	0.0
3.579578e-08	0.0	-7.2741813e-09	0.0	-2.9802322e-08	0.0	2.9802322e-08	0.0
8.240737e-06	0.0	-0.0156249935	0.0	-8.381903e-09	0.0	2.0489097e-08	0.0
3.6768995e-08	0.0	-2.670655e-08	0.0	7.4505806e-08	0.0	2.9802322e-08	0.0
-8.237258e-06	0.0	0.015625015	0.0	1.816079e-08	0.0	-2.3981556e-08	0.0
-6.517682e-08	0.0	4.5956153e-08	0.0	1.1175871e-08	0.0	-3.7252903e-09	0.0
-8.236935e-06	0.0	0.015625015	0.0	-9.778887e-09	0.0	3.958121e-09	0.0
5.8189414e-08	0.0	-2.6697455e-08	-0.0	7.4505806e-08	0.0	2.9802322e-08	0.0
1.6466884e-05	0.0	-0.03125002	-0.0	1.0879333e-09	0.0	-1.0882353e-09	0.0
3.3052412e-08	0.0	-4.7436846e-08	-0.0	0.0	-0.0	3.7252903e-09	0.0
-1.6463118e-05	0.0	0.03125002	0.0	-9.046834e-09	-0.0	1.5983083e-08	-0.0
-1.48933585e-08	0.0	1.19025046e-07	0.0	-1.1547613e-08	0.0	-1.15470975e-08	0.0
-1.6463342e-05	0.0	0.03125002	0.0	-2.5275764e-09	-0.0	7.601179e-09	0.0
3.2121086e-08	0.0	-4.743639e-08	-0.0	-5.5879354e-09	-0.0	-1.8626451e-09	0.0
3.2926477e-05	0.0	-0.06250006	0.0	1.17552865e-08	0.0	-2.3765114e-08	0.0
-1.0747986e-08	0.0	-6.240291e-08	0.0	1.598021e-08	0.0	9.1763575e-09	0.0
-3.2930053e-05	0.0	0.062500015	0.0	-1.1052613e-08	0.0	1.6592082e-08	0.0
2.7955316e-08	0.0	2.2903647e-07	0.0	-3.920244e-08	0.0	-2.559496e-08	0.0
-3.293015e-05	0.0	0.062500015	0.0	-3.6020325e-09	0.0	1.0072825e-08	0.0
-9.817857e-09	0.0	-6.2405185e-08	-0.0	2.9018725e-08	0.0	2.2214873e-08	0.0
6.5867556e-05	0.0	-0.12500012	-0.0	5.7079577e-09	-0.0	-5.708797e-09	0.0
-2.7984132e-08	0.0	-1.5547515e-07	-0.0	1.9556467e-08	0.0	1.4615392e-08	0.0
-6.587104e-05	0.0	0.12500015	0.0	-1.699549e-09	-0.0	-3.8386028e-09	-0.0
-3.5923882e-09	0.0	1.9513652e-07	0.0	-2.719446e-09	0.0	-2.7193146e-09	0.0
-6.58714e-05	0.0	0.12500015	0.0	-7.6822637e-10	-0.0	-5.701248e-09	-0.0
-4.4266812e-11	0.0	-1.5546242e-07	-0.0	1.9556467e-08	0.0	1.0890101e-08	0.0
0.00013174236	0.0	-0.25000006	0.0	2.5103848e-09	0.0	9.497281e-09	0.0
2.4040784e-08	0.0	-1.14871064e-07	0.0	-8.958409e-09	0.0	-1.2235546e-09	0.0
-0.00013173946	0.0	0.24999993	0.0	-1.2752679e-08	0.0	5.818361e-09	0.0
-3.678865e-08	0.0	-2.1353463e-08	0.0	3.2405804e-08	0.0	1.8798655e-08	0.0
-0.00013173772	0.0	0.24999993	0.0	-1.3439738e-09	0.0	-3.727694e-09	0.0
1.4741275e-08	0.0	-1.14874254e-07	0.0	-2.1996915e-08	0.0	-1.6124716e-08	0.0
