-0.35355335	0.0	-0.3535535	0.0	-3.5063504e-08	0.0	-3.2336317e-08	0.0	-1.8214552e-10	0.0	1.9380886e-08	0.0	-1.4581396e-08	0.0	-4.5649258e-09	0.0
-2.1592381e-05	0.0	2.159358e-05	0.0	-1.532618e-08	0.0	4.5313296e-08	0.0	-4.8639905e-08	0.0	4.6252907e-08	0.0	1.7485426e-08	0.0	-1.102701e-08	0.0
-0.3535534	0.0	-0.3535536	0.0	-6.411682e-08	0.0	-5.6974493e-08	0.0	1.2542458e-09	0.0	1.0760031e-08	0.0	5.5448126e-09	0.0	-1.7325068e-08	0.0
-1.7040293e-08	0.0	1.657827e-08	0.0	-9.4693515e-09	0.0	3.369366e-08	0.0	-5.8463705e-08	0.0	2.5676924e-08	0.0	-2.1134587e-09	0.0	-2.8247785e-08	0.0
0.3535533	0.0	0.35355347	0.0	3.1928998e-08	0.0	4.7354288e-08	0.0	1.6811719e-09	0.0	-5.130726e-08	0.0	4.619382e-08	0.0	-2.7595757e-09	0.0
-2.157272e-05	0.0	2.157317e-05	0.0	2.547589e-08	0.0	-4.7107907e-08	0.0	4.8626724e-08	0.0	-4.3216126e-08	0.0	-2.4314845e-08	0.0	9.546101e-09	0.0
2.2351742e-08	0.0	2.2351742e-08	0.0	3.6584589e-09	0.0	-4.957304e-09	0.0	-4.1873114e-09	0.0	2.7009353e-08	0.0	-5.08174e-08	0.0	3.5575628e-08	0.0
-7.246854e-09	0.0	8.061761e-09	0.0	-2.2649447e-08	0.0	4.730372e-08	0.0	-4.1337497e-08	0.0	1.8711196e-08	0.0	-3.993149e-09	0.0	-6.124365e-09	0.0
2.9802322e-08	0.0	2.9802322e-08	0.0	-4.7245674e-10	0.0	-3.1778704e-09	0.0	4.2741535e-09	0.0	1.9751953e-08	0.0	-5.4707463e-08	0.0	3.943841e-08	0.0
-1.0593794e-08	0.0	1.1554221e-08	0.0	-3.4032972e-08	0.0	6.277423e-08	0.0	-3.9857063e-08	0.0	2.0139549e-08	0.0	1.6862645e-08	0.0	-1.3327332e-08	0.0
-2.9802322e-08	0.0	-2.9802322e-08	0.0	-5.6923444e-09	0.0	8.5563885e-09	0.0	1.1379681e-08	0.0	-3.392608e-08	0.0	9.4770606e-08	0.0	-8.6834476e-08	0.0
2.4650944e-08	0.0	-2.4127075e-08	0.0	6.844867e-08	0.0	-7.086217e-08	0.0	5.052893e-08	0.0	-3.5558553e-08	0.0	2.034367e-09	0.0	-7.1422046e-09	0.0
-1.8626451e-08	0.0	-1.4901161e-08	0.0	2.0655136e-08	0.0	1.9244897e-08	0.0	4.274583e-09	0.0	2.4778688e-08	0.0	-3.5189345e-08	0.0	2.8888975e-08	0.0
2.6193447e-09	0.0	-2.6193447e-09	0.0	-4.255961e-08	0.0	2.6118887e-08	0.0	3.6129304e-08	0.0	5.7590004e-09	0.0	2.0131386e-08	0.0	6.351577e-08	0.0
-2.0489097e-08	0.0	-2.0489097e-08	0.0	3.5829178e-08	0.0	2.694351e-08	0.0	-3.933699e-09	0.0	3.3615e-10	0.0	-4.530708e-08	0.0	5.6221463e-08	0.0
-5.122274e-09	0.0	6.6356733e-09	0.0	-4.8401482e-08	0.0	2.2278602e-08	0.0	3.3362895e-08	0.0	-1.3031949e-09	0.0	5.6599347e-08	0.0	7.504484e-08	0.0
1.5742236e-08	0.0	1.5742236e-08	0.0	-1.8370082e-08	-0.0	-1.2843458e-08	-0.0	4.8440496e-09	0.0	-6.649143e-08	-0.0	6.89078e-08	0.0	-4.59322e-08	-0.0
2.306573e-09	0.0	-2.772234e-09	0.0	3.7884032e-08	0.0	-3.6693486e-08	0.0	-3.1366955e-08	0.0	2.0568057e-08	0.0	-3.077832e-08	0.0	-4.2849273e-08	0.0
5.5879354e-09	0.0	5.5879354e-09	0.0	-7.3389586e-08	0.0	-5.5546078e-08	0.0	2.3612472e-09	0.0	3.377401e-08	0.0	-3.450176e-08	0.0	-4.5226085e-09	0.0
3.7873397e-06	0.0	-3.7861755e-06	0.0	-0.3271311	0.0	0.30168727	0.0	-0.0016994128	0.0	-0.18081832	0.0	-0.13603982	0.0	0.042589303	0.0
1.0244548e-08	0.0	1.0244548e-08	0.0	-0.0051240493	0.0	-0.00472552	0.0	-2.6619096e-05	0.0	0.0028322856	0.0	-0.0021308763	0.0	-0.0006671013	0.0
3.7893187e-06	0.0	-3.7893187e-06	0.0	-0.32705086	0.0	0.30161318	0.0	-0.0016989955	0.0	-0.18077402	0.0	-0.13600644	0.0	0.04257888	0.0
-5.5879354e-09	0.0	-5.5879354e-09	0.0	-0.0051239016	0.0	-0.00472537	0.0	-2.6623622e-05	0.0	0.0028322123	0.0	-0.0021308234	0.0	-0.00066706876	0.0
-3.786292e-06	0.0	3.7858263e-06	0.0	0.3271311	0.0	-0.30168733	0.0	0.0016993927	0.0	0.18081835	0.0	0.1360399	0.0	-0.042589296	0.0
-2.3283064e-09	0.0	-2.3283064e-09	0.0	0.015370714	0.0	0.0141752185	0.0	7.9856196e-05	0.0	-0.008496024	0.0	0.0063920403	0.0	0.0020011005	0.0
-1.8966384e-06	0.0	1.8975697e-06	0.0	0.16340506	0.0	-0.15069556	0.0	0.00084889785	0.0	0.090320505	0.0	0.06795313	0.0	-0.021273714	0.0
2.3283064e-09	0.0	2.3283064e-09	0.0	-0.017930195	0.0	-0.01653559	0.0	-9.312055e-05	0.0	0.009910752	0.0	-0.007456428	0.0	-0.0023343181	0.0
1.899898e-06	0.0	-1.9003637e-06	0.0	-0.16312422	0.0	0.15043661	0.0	-0.000847421	0.0	-0.09016534	0.0	-0.06783638	0.0	0.02123718	0.0
2.7939677e-09	0.0	2.7939677e-09	0.0	-0.017930202	0.0	-0.016535599	0.0	-9.317812e-05	0.0	0.009910706	0.0	-0.0074563813	0.0	-0.0023343244	0.0
-1.892496e-06	0.0	1.892496e-06	-0.0	0.16340494	0.0	-0.15069549	0.0	0.0008488736	0.0	0.0903205	-0.0	0.067953095	0.0	-0.021273734	0.0
-4.4237822e-09	0.0	-4.4237822e-09	-0.0	0.038415395	0.0	0.035427514	0.0	0.00019957805	0.0	-0.021233764	-0.0	0.015975362	0.0	0.0050012893	0.0
-9.406358e-07	0.0	9.3877316e-07	-0.0	0.08126123	0.0	-0.07494081	0.0	0.0004221186	0.0	0.044916395	-0.0	0.03379307	0.0	-0.0105794575	0.0
4.8894435e-09	0.0	4.8894435e-09	-0.0	-0.039688174	0.0	-0.03660132	0.0	-0.00020620441	0.0	0.02193725	-0.0	-0.016504668	0.0	-0.0051669637	0.0
9.443611e-07	0.0	-9.4249845e-07	-0.0	-0.08063959	0.0	0.074367546	0.0	-0.00041894248	0.0	-0.044572756	-0.0	-0.03353455	0.0	0.010498462	0.0
4.656613e-09	0.0	4.656613e-09	-0.0	-0.039688263	0.0	-0.03660137	0.0	-0.00020618422	0.0	0.021937301	-0.0	-0.016504677	0.0	-0.0051670135	0.0
-9.648502e-07	0.0	9.648502e-07	-0.0	0.08126127	0.0	-0.074940875	0.0	0.00042219786	0.0	0.044916384	-0.0	0.033793125	0.0	-0.01057939	0.0
-9.371433e-09	0.0	-9.371433e-09	-0.0	0.080639556	0.0	0.07436753	0.0	0.00041895694	0.0	-0.0445727	-0.0	0.033534627	0.0	0.010498402	0.0
-4.7311187e-07	0.0	4.7311187e-07	0.0	0.03968826	0.0	-0.036601372	0.0	0.00020617252	0.0	0.02193736	0.0	0.016504668	0.0	-0.005166987	0.0
9.516953e-09	0.0	9.516953e-09	0.0	-0.08126116	0.0	-0.07494081	0.0	-0.00042215828	0.0	0.044916287	0.0	-0.0337931	0.0	-0.010579355	0.0
4.6938658e-07	0.0	-4.6938658e-07	0.0	-0.03841542	0.0	0.035427492	0.0	-0.00019957298	0.0	-0.02123385	0.0	-0.015975349	0.0	0.0050013154	0.0
9.429641e-09	0.0	9.429641e-09	0.0	-0.08126119	0.0	-0.0749408	0.0	-0.00042222076	0.0	0.044916328	0.0	-0.033793148	0.0	-0.010579305	0.0
-4.5448542e-07	0.0	4.5448542e-07	0.0	0.03968822	0.0	-0.036601335	0.0	0.00020619643	0.0	0.021937316	0.0	0.016504642	0.0	-0.005167018	0.0
-1.891749e-08	0.0	-1.891749e-08	0.0	0.16312402	0.0	0.1504365	0.0	0.0008474987	0.0	-0.0901652	0.0	0.06783649	0.0	0.021237	0.0
-2.4682885e-07	0.0	2.4682885e-07	-0.0	0.017930176	0.0	-0.016535586	0.0	9.31667e-05	0.0	0.009910776	-0.0	0.007456404	0.0	-0.0023343514	0.0
1.8933182e-08	0.0	1.8933182e-08	-0.0	-0.16340491	0.0	-0.15069556	0.0	-0.00084893615	0.0	0.0903205	-0.0	-0.06795324	0.0	-0.021273557	0.0
2.3841858e-07	0.0	-2.3841858e-07	-0.0	-0.015370653	0.0	0.014175151	0.0	-7.9847785e-05	0.0	-0.00849606	-0.0	-0.00639205	0.0	0.002001123	0.0
1.895501e-08	0.0	1.895501e-08	-0.0	-0.16340494	0.0	-0.15069558	0.0	-0.0008489724	0.0	0.090320475	-0.0	-0.067953296	0.0	-0.021273587	0.0
-1.6487246e-07	0.0	1.6487247e-07	-0.0	0.017930167	0.0	-0.01653554	0.0	9.313244e-05	0.0	0.009910837	-0.0	0.0074564354	0.0	-0.002334351	0.0
-3.787136e-08	0.0	-3.787136e-08	-0.0	0.3270507	0.0	0.30161315	0.0	0.0016991603	0.0	-0.18077405	-0.0	0.1360067	0.0	0.042578485	0.0
-2.9802322e-08	0.0	2.9802322e-08	-0.0	0.0051239813	0.0	-0.0047254465	0.0	2.661811e-05	0.0	0.0028322188	-0.0	0.0021308293	0.0	-0.00066713116	0.0
-3.7874997e-08	0.0	-3.7874997e-08	-0.0	0.3271311	0.0	0.30168745	0.0	0.0016995996	0.0	-0.1808185	-0.0	0.13604018	0.0	0.042588912	0.0
0.0	0.0	0.0	0.0	-1.3169483e-09	0.0	-4.3639375e-08	0.0	6.5143574e-08	0.0	-6.643859e-09	0.0	2.5608188e-08	0.0	4.1408157e-08	0.0
3.787136e-08	0.0	3.787136e-08	0.0	-0.32713094	0.0	-0.30168718	0.0	-0.0016995617	0.0	0.1808184	0.0	-0.13604002	0.0	-0.04258899	0.0
-8.940697e-08	0.0	8.940697e-08	0.0	0.005123921	0.0	-0.0047253957	0.0	2.6606327e-05	0.0	0.002832216	0.0	0.002130776	0.0	-0.00066710217	0.0
5.5191407e-12	0.0	5.520029e-12	0.0	-1.2293458e-07	0.0	-1.44355e-07	0.0	-5.2059477e-08	0.0	8.381903e-08	0.0	-1.2246892e-07	0.0	4.02797e-08	0.0
-5.456968e-12	0.0	6.366463e-12	0.0	7.706694e-08	0.0	-7.7299774e-08	0.0	3.587695e-08	0.0	5.7996658e-08	0.0	4.78758e-08	0.0	5.655238e-09	0.0
5.5271343e-12	0.0	5.5271343e-12	0.0	-1.7601997e-07	0.0	-2.188608e-07	0.0	-5.9175363e-08	0.0	1.1874363e-07	0.0	-1.7182902e-07	0.0	1.0000076e-07	0.0
-3.637979e-12	0.0	3.637979e-12	-0.0	3.7136488e-08	0.0	-3.259629e-09	0.0	-7.674953e-08	0.0	9.970972e-08	-0.0	5.4191332e-08	0.0	-1.7811544e-08	0.0
-5.5156825e-12	0.0	-5.5157953e-12	-0.0	9.065661e-08	0.0	1.15203875e-07	0.0	5.2780592e-08	0.0	-5.858874e-08	-0.0	1.0734857e-07	0.0	-5.9312242e-08	0.0
2.6219027e-12	0.0	-3.4710013e-12	-0.0	-1.0063059e-07	0.0	1.04013225e-07	0.0	-8.5713864e-08	0.0	4.3900172e-09	-0.0	1.1880729e-08	0.0	7.4551e-09	0.0
-1.2434498e-14	0.0	-1.15463195e-14	-0.0	8.940697e-08	0.0	9.685755e-08	0.0	4.947651e-09	0.0	-6.3329935e-08	-0.0	5.9604645e-08	0.0	-1.9557774e-08	0.0
1.5916157e-12	0.0	-1.364242e-12	-0.0	-8.183997e-08	0.0	2.0954758e-09	0.0	1.0197664e-07	0.0	-5.3929398e-08	-0.0	1.0346412e-07	0.0	1.7318962e-07	0.0
-1.0658141e-14	0.0	-1.0658141e-14	-0.0	1.1920929e-07	0.0	8.940697e-08	0.0	-1.8975697e-08	0.0	-2.2351742e-08	-0.0	-1.4901161e-08	0.0	8.381903e-08	0.0
1.080025e-12	0.0	-1.4210855e-12	-0.0	-5.820766e-08	0.0	-5.4133125e-08	0.0	1.790022e-07	0.0	-1.1641532e-07	-0.0	4.132744e-08	0.0	1.7331331e-07	0.0
3.5527137e-15	0.0	3.5527137e-15	-0.0	-5.9604645e-08	0.0	-2.9802322e-08	0.0	2.514571e-08	0.0	0.0	-0.0	0.0	0.0	-2.9802322e-08	0.0
-1.4210855e-12	0.0	1.3073986e-12	0.0	6.984919e-08	0.0	3.958121e-08	0.0	-2.0766674e-07	0.0	1.10361725e-07	0.0	-8.079223e-08	0.0	-1.9010622e-07	0.0
7.1054274e-15	0.0	7.1054274e-15	0.0	-5.9604645e-08	0.0	-8.940697e-08	0.0	-2.5727786e-08	0.0	2.9802322e-08	0.0	0.0	0.0	-3.3527613e-08	0.0
2.5011104e-12	0.0	-1.7053026e-12	0.0	0.119683996	0.0	0.024283374	0.0	-0.17205502	0.0	-0.042143397	0.0	-0.28565213	0.0	-0.35093972	0.0
6.217249e-15	0.0	6.217249e-15	0.0	0.0018745437	0.0	-0.00038042665	0.0	-0.0026949942	0.0	0.000660114	0.0	-0.0044742897	0.0	0.00549692	0.0
2.6147973e-12	0.0	-2.3874236e-12	0.0	0.11965464	0.0	0.02427737	0.0	-0.1720127	0.0	-0.042133093	0.0	-0.28558207	0.0	-0.3508535	0.0
-1.0658141e-14	0.0	-1.0658141e-14	0.0	0.00187473	0.0	-0.00038025528	0.0	-0.00269497	0.0	0.0006600842	0.0	-0.0044743195	0.0	0.0054970062	0.0
-3.3973276e-12	0.0	3.397328e-12	-0.0	-0.11968395	0.0	-0.024283312	0.0	0.17205486	0.0	0.0421435	-0.0	0.28565228	0.0	0.3509396	0.0
3.5527137e-15	0.0	3.5527137e-15	-0.0	-0.0056235045	0.0	0.0011409596	0.0	0.008084198	0.0	-0.0019801464	-0.0	0.0134216985	0.0	-0.016489368	0.0
0.0	0.0	0.0	-0.0	-0.059783325	0.0	-0.012129709	0.0	0.08594305	0.0	0.021051005	-0.0	0.14268588	0.0	0.17529762	0.0
-2.8865799e-15	0.0	-2.8865799e-15	-0.0	0.006559871	0.0	-0.0013309531	0.0	-0.009430355	0.0	0.0023098784	-0.0	-0.015656607	0.0	0.019235011	0.0
9.094947e-13	0.0	-9.094947e-13	-0.0	0.05968049	0.0	0.012108877	0.0	-0.0857953	0.0	-0.02101484	-0.0	-0.14244062	0.0	-0.17499621	0.0
-3.1086245e-15	0.0	-3.1086245e-15	-0.0	0.006559871	0.0	-0.0013309587	0.0	-0.009430367	0.0	0.0023098737	-0.0	-0.015656602	0.0	0.019235007	0.0
-9.094947e-13	0.0	9.094947e-13	-0.0	-0.05978322	0.0	-0.012129724	0.0	0.08594298	0.0	0.021051064	-0.0	0.14268585	0.0	0.1752975	0.0
6.3282712e-15	0.0	6.3282712e-15	-0.0	-0.014054563	0.0	0.002851585	0.0	0.020204619	0.0	-0.0049489303	-0.0	0.033544477	0.0	-0.041211255	0.0
1.8189894e-12	0.0	-1.8189894e-12	0.0	-0.029730216	0.0	-0.0060320944	0.0	0.0427394	0.0	0.010468617	0.0	0.07095756	0.0	0.087175325	0.0
-6.3282712e-15	0.0	-6.3282712e-15	0.0	0.014520358	0.0	-0.0029460762	0.0	-0.020874092	0.0	0.005112897	0.0	-0.034655917	0.0	0.042576797	0.0
0.0	0.0	0.0	0.0	0.029502735	0.0	0.0059859455	0.0	-0.042412437	0.0	-0.010388546	0.0	-0.07041479	0.0	-0.086508475	0.0
-6.342149e-15	0.0	-6.342149e-15	-0.0	0.014520406	0.0	-0.002946063	0.0	-0.02087407	0.0	0.0051129307	-0.0	-0.03465597	0.0	0.04257687	0.0
6.82121e-13	0.0	-6.82121e-13	-0.0	-0.029730227	0.0	-0.0060320497	0.0	0.04273935	0.0	0.010468651	-0.0	0.07095756	0.0	0.08717531	0.0
1.2650512e-14	0.0	1.2644264e-14	-0.0	-0.02950286	0.0	0.0059858994	0.0	0.042412493	0.0	-0.010388552	-0.0	0.07041478	0.0	-0.08650858	0.0
-1.3877788e-16	0.0	1.3183898e-16	-0.0	-0.014520333	0.0	-0.0029460874	-0.0	0.020874059	0.0	0.005112925	-0.0	0.03465594	0.0	0.042576756	0.0
-1.2650483e-14	0.0	-1.264417e-14	-0.0	0.029730273	0.0	-0.006032062	0.0	-0.042739537	0.0	0.0104686385	-0.0	-0.07095777	0.0	0.08717557	0.0
5.551115e-17	0.0	0.0	-0.0	0.0140546635	0.0	0.0028516126	-0.0	-0.020204647	-0.0	-0.004948961	-0.0	-0.03354452	-0.0	-0.041211322	-0.0
-1.2650415e-14	0.0	-1.26440886e-14	-0.0	0.029730216	0.0	-0.0060320324	0.0	-0.042739417	0.0	0.010468644	-0.0	-0.07095762	0.0	0.08717539	0.0
-1.4710455e-15	0.0	1.4641066e-15	-0.0	-0.014520282	0.0	-0.0029460918	-0.0	0.020874044	0.0	0.0051129134	-0.0	0.03465584	0.0	0.042576693	0.0
2.530086e-14	0.0	2.5288196e-14	-0.0	-0.059680678	0.0	0.0121087525	-0.0	0.08579537	-0.0	-0.021014787	-0.0	0.14244065	-0.0	-0.1749964	-0.0
2.7755576e-17	0.0	-5.551115e-17	-0.0	-0.0065598935	0.0	-0.001330976	-0.0	0.0094303945	-0.0	0.0023099096	-0.0	0.015656663	-0.0	0.019235091	-0.0
-2.5300837e-14	0.0	-2.5288157e-14	-0.0	0.05978341	0.0	-0.012129591	-0.0	-0.08594302	-0.0	0.021050975	-0.0	-0.14268583	-0.0	0.17529763	-0.0
-2.0816682e-17	0.0	2.0816682e-17	-0.0	0.0056234873	0.0	0.0011409764	0.0	-0.008084213	0.0	-0.0019801657	-0.0	-0.0134217	0.0	-0.016489323	0.0
-2.530085e-14	0.0	-2.528817e-14	-0.0	0.059783444	0.0	-0.012129614	0.0	-0.08594309	0.0	0.021050965	-0.0	-0.14268589	0.0	0.17529772	0.0
1.8214596e-17	0.0	-2.4286129e-17	-0.0	-0.0065599545	0.0	-0.0013309699	0.0	0.009430404	0.0	0.0023098958	-0.0	0.01565675	0.0	0.019235194	0.0
5.0601677e-14	0.0	5.0576307e-14	-0.0	-0.11965482	0.0	0.02427706	-0.0	0.17201269	-0.0	-0.04213293	-0.0	0.2855819	-0.0	-0.35085344	-0.0
-8.6736174e-19	0.0	3.469447e-18	-0.0	-0.0018746291	0.0	-0.0003803131	-0.0	0.0026948561	-0.0	0.00066014583	-0.0	0.004474246	-0.0	0.005496792	-0.0
5.0601667e-14	0.0	5.057629e-14	-0.0	-0.11968419	0.0	0.024283001	-0.0	0.17205483	-0.0	-0.042143267	-0.0	0.28565186	-0.0	-0.35093945	-0.0
-3.2526065e-18	0.0	3.6862874e-18	-0.0	-2.910383e-09	0.0	6.5294444e-08	-0.0	-1.3853423e-07	-0.0	8.114148e-08	-0.0	-1.7229468e-08	-0.0	-9.5693395e-08	-0.0
-5.0601674e-14	0.0	-5.057629e-14	-0.0	0.1196842	0.0	-0.024283016	-0.0	-0.17205486	-0.0	0.042143263	-0.0	-0.28565192	-0.0	0.35093954	-0.0
5.427787e-18	0.0	-1.5720932e-18	-0.0	-0.0018746689	0.0	-0.00038040036	-0.0	0.0026950582	-0.0	0.0006600729	-0.0	0.0044743074	-0.0	0.005497	-0.0
6.7762636e-21	0.0	0.0	-0.0	0.0	0.0	1.1175871e-08	-0.0	2.9802322e-08	-0.0	1.1175871e-08	-0.0	2.9802322e-08	-0.0	0.0	-0.0
-3.7947076e-19	0.0	1.8973538e-18	-0.0	-3.5157427e-08	0.0	4.5169145e-08	-0.0	-6.426126e-08	-0.0	5.7392754e-08	-0.0	3.1664968e-08	-0.0	0.0	-0.0
-6.7762636e-21	0.0	-1.3552527e-20	-0.0	2.2351742e-08	0.0	0.0	0.0	-1.4901161e-08	0.0	7.450581e-09	-0.0	-4.4703484e-08	0.0	0.0	0.0
-2.1684043e-18	0.0	2.6020852e-18	-0.0	8.1025064e-08	0.0	-1.46683306e-08	0.0	-5.5879354e-09	0.0	-5.005859e-08	-0.0	-8.940697e-08	0.0	-7.4505806e-08	0.0
3.3881318e-21	0.0	1.0164395e-20	-0.0	-1.4901161e-08	0.0	5.5879354e-09	0.0	2.2351742e-08	0.0	-7.450581e-09	-0.0	1.4901161e-08	0.0	-2.9802322e-08	0.0
4.1199683e-18	0.0	-3.903128e-18	-0.0	-2.2351742e-08	0.0	-3.8184226e-08	-0.0	1.0058284e-07	-0.0	-4.1909516e-08	-0.0	7.0780516e-08	-0.0	1.3411045e-07	-0.0
3.3881318e-21	0.0	5.9292306e-21	-0.0	-7.450581e-09	0.0	-5.122274e-09	-0.0	-7.450581e-09	-0.0	-6.519258e-09	-0.0	1.4901161e-08	-0.0	-1.4901161e-08	-0.0
-1.3010426e-18	0.0	1.3010426e-18	-0.0	7.0780516e-08	0.0	-8.381903e-08	-0.0	1.4156103e-07	-0.0	-1.44355e-07	-0.0	-9.685755e-08	-0.0	-1.4901161e-08	-0.0
1.6940659e-21	0.0	4.2351647e-21	-0.0	-7.450581e-09	0.0	-2.6077032e-08	-0.0	-4.8428774e-08	-0.0	-4.004687e-08	-0.0	1.8626451e-08	-0.0	1.4901161e-08	-0.0
-8.6736174e-19	0.0	8.6736174e-19	-0.0	0.0	0.0	-5.6810677e-08	-0.0	4.4703484e-08	-0.0	-9.313226e-08	-0.0	-8.940697e-08	-0.0	-4.4703484e-08	-0.0
-3.3881318e-21	0.0	-6.352747e-21	-0.0	9.313226e-10	0.0	-1.2340024e-08	-0.0	-2.7008355e-08	-0.0	-1.6763806e-08	-0.0	-5.5879354e-09	-0.0	1.8626451e-08	-0.0
3.9446788e-18	0.0	-3.9446027e-18	-0.0	-5.7959966e-08	0.0	-2.147317e-09	-0.0	4.3295017e-08	-0.0	6.794683e-08	-0.0	1.5841164e-07	-0.0	1.6565775e-07	-0.0
2.1837568e-21	-0.0	2.3425755e-21	-0.0	8.469215e-09	0.0	4.2397005e-08	-0.0	8.265488e-08	-0.0	6.5723725e-08	-0.0	-2.0081643e-08	-0.0	-2.514571e-08	-0.0
1.7347235e-18	-0.0	-1.9515639e-17	-0.0	0.064694166	0.0	-0.1841724	0.0	0.3097072	-0.0	-0.30174989	-0.0	-0.1594378	-0.0	0.023492545	0.0
3.613125e-20	-0.0	-3.1797484e-19	-0.0	0.0010133368	0.0	0.002884803	0.0	0.0048511433	-0.0	0.004726492	-0.0	-0.002497354	-0.0	-0.00036799852	0.0
1.8702487e-18	-0.0	-1.9271694e-17	-0.0	0.064678326	0.0	-0.1841272	0.0	0.3096313	-0.0	-0.30167577	-0.0	-0.15939866	-0.0	0.023486786	0.0
3.1882177e-20	-0.0	-3.2251322e-19	-0.0	0.0010133227	0.0	0.0028847174	-0.0	0.0048509883	-0.0	0.0047263717	-0.0	-0.002497317	-0.0	-0.00036794785	-0.0
-1.9066712e-18	-0.0	1.9287787e-17	-0.0	-0.06469419	0.0	0.18417242	-0.0	-0.30970725	-0.0	0.30174986	-0.0	0.1594378	-0.0	-0.023492556	-0.0
-1.0202671e-19	-0.0	9.606681e-19	-0.0	-0.0030397447	0.0	-0.008653579	-0.0	-0.014552007	-0.0	-0.014178107	-0.0	0.007491386	-0.0	0.0011038298	-0.0
-9.462682e-19	0.0	9.627959e-18	-0.0	-0.03231535	0.0	0.09199583	-0.0	-0.15470164	-0.0	0.15072684	-0.0	0.07964065	-0.0	-0.011734747	-0.0
1.1904211e-19	0.0	-1.1204482e-18	-0.0	0.0035459094	0.0	0.010094539	-0.0	0.01697515	-0.0	0.016539028	-0.0	-0.00873884	-0.0	-0.0012876341	-0.0
9.445873e-19	-0.0	-9.611197e-18	-0.0	0.0322598	0.0	-0.09183766	-0.0	0.1544357	-0.0	-0.15046771	-0.0	-0.07950373	-0.0	0.011714577	-0.0
1.1905106e-19	-0.0	-1.1207486e-18	-0.0	0.0035459113	0.0	0.010094541	-0.0	0.01697516	-0.0	0.016539048	-0.0	-0.00873885	-0.0	-0.0012876341	-0.0
-9.462863e-19	-0.0	9.627869e-18	-0.0	-0.032315344	0.0	0.09199584	-0.0	-0.15470168	-0.0	0.15072688	-0.0	0.07964067	-0.0	-0.01173475	-0.0
-2.551228e-19	-0.0	2.4009105e-18	-0.0	-0.0075971154	0.0	-0.021627568	0.0	-0.03636928	-0.0	-0.035434883	-0.0	0.018722977	-0.0	0.0027587567	0.0
-4.704331e-19	-0.0	4.7878074e-18	-0.0	-0.016070396	0.0	0.045749467	0.0	-0.07693303	-0.0	0.07495637	-0.0	0.03960523	-0.0	-0.0058356817	0.0
2.636038e-19	-0.0	-2.4804595e-18	-0.0	0.00784884	0.0	0.022344194	0.0	0.03757435	-0.0	0.036608934	-0.0	-0.019343324	-0.0	-0.0028501684	0.0
4.6678924e-19	-0.0	-4.7509284e-18	-0.0	0.015947452	0.0	-0.045399476	-0.0	0.07634446	-0.0	-0.074382916	-0.0	-0.039302237	-0.0	0.0057910364	-0.0
2.6361212e-19	-0.0	-2.4806448e-18	-0.0	0.007848824	0.0	0.022344146	-0.0	0.03757427	-0.0	0.036608856	-0.0	-0.019343285	-0.0	-0.0028501619	-0.0
-4.7055167e-19	0.0	4.787719e-18	-0.0	-0.0160704	0.0	0.045749463	-0.0	-0.07693301	-0.0	0.07495635	-0.0	0.039605238	-0.0	-0.005835682	-0.0
-5.356527e-19	0.0	5.0402398e-18	-0.0	-0.015947454	0.0	-0.045399457	-0.0	-0.07634442	-0.0	-0.07438288	-0.0	0.039302215	-0.0	0.0057910387	-0.0
-2.2966067e-19	-0.0	2.33831e-18	-0.0	-0.007848837	0.0	0.022344198	-0.0	-0.03757436	-0.0	0.03660895	-0.0	0.01934332	-0.0	-0.0028501663	-0.0
5.3980494e-19	-0.0	-5.0791963e-18	-0.0	0.01607042	0.0	0.045749497	-0.0	0.07693308	-0.0	0.074956395	-0.0	-0.03960525	-0.0	-0.0058356877	-0.0
2.222515e-19	-0.0	-2.2630654e-18	-0.0	0.0075971163	0.0	-0.02162758	-0.0	0.036369294	-0.0	-0.035434823	-0.0	-0.01872296	-0.0	0.0027587581	-0.0
5.397947e-19	-0.0	-5.0793005e-18	-0.0	0.016070385	0.0	0.04574942	-0.0	0.076932944	-0.0	0.07495629	-0.0	-0.039605215	-0.0	-0.00583568	-0.0
-2.297067e-19	-0.0	2.3379518e-18	-0.0	-0.007848821	0.0	0.022344157	0.0	-0.037574284	-0.0	0.03660886	-0.0	0.019343305	-0.0	-0.0028501619	0.0
-1.0835886e-18	-0.0	1.0196273e-17	-0.0	-0.032259814	0.0	-0.09183769	0.0	-0.15443575	-0.0	-0.15046775	-0.0	0.079503745	-0.0	0.011714581	0.0
-1.0370242e-19	-0.0	1.0561205e-18	-0.0	-0.003545896	0.0	0.01009451	0.0	-0.016975092	-0.0	0.016538944	-0.0	0.0087388	-0.0	-0.0012876288	0.0
1.0854361e-18	-0.0	-1.02139245e-17	-0.0	0.03231536	0.0	0.09199584	-0.0	0.15470167	-0.0	0.15072687	-0.0	-0.07964065	-0.0	-0.011734753	-0.0
8.8880505e-20	0.0	-9.055249e-19	-0.0	0.0030397396	0.0	-0.008653573	-0.0	0.014551991	-0.0	-0.014178099	-0.0	-0.007491378	-0.0	0.0011038266	-0.0
1.0854396e-18	0.0	-1.02139294e-17	-0.0	0.03231536	0.0	0.09199583	-0.0	0.15470165	-0.0	0.15072685	-0.0	-0.07964065	-0.0	-0.011734751	-0.0
-1.0371286e-19	-0.0	1.0564095e-18	-0.0	-0.0035459208	-0.0	0.010094577	-0.0	-0.01697521	-0.0	0.016539052	-0.0	0.008738861	-0.0	-0.0012876377	-0.0
-2.1725055e-18	-0.0	2.044307e-17	-0.0	-0.064678326	-0.0	-0.18412721	-0.0	-0.30963123	-0.0	-0.3016758	-0.0	0.15939865	-0.0	0.02348679	-0.0
-3.0608836e-20	-0.0	3.0197283e-19	-0.0	-0.0010133558	0.0	0.0028848276	-0.0	-0.00485117	-0.0	0.004726529	-0.0	0.0024974104	-0.0	-0.00036798208	-0.0
-2.1732223e-18	-0.0	2.0448338e-17	-0.0	-0.06469423	0.0	-0.18417254	-0.0	-0.3097074	-0.0	-0.30175	-0.0	0.15943784	-0.0	0.023492567	-0.0
-8.956037e-22	-0.0	4.9833754e-23	-0.0	-3.258314e-08	0.0	9.682011e-08	-0.0	-1.5639924e-07	-0.0	1.5640086e-07	-0.0	8.3786624e-08	-0.0	-1.2102419e-08	-0.0
2.1729077e-18	-0.0	-2.0448067e-17	-0.0	0.06469418	-0.0	0.1841723	-0.0	0.30970705	-0.0	0.30174968	-0.0	-0.15943766	-0.0	-0.023492537	0.0
-2.8629807e-20	-0.0	3.0180078e-19	-0.0	-0.0010132999	0.0	0.0028846934	0.0	-0.004850954	-0.0	0.004726328	-0.0	0.002497265	-0.0	-0.00036796252	0.0
4.421415e-22	-0.0	-4.5950403e-22	-0.0	8.604738e-08	0.0	2.4498468e-07	-0.0	4.10792e-07	-0.0	4.0147677e-07	-0.0	-2.1214926e-07	-0.0	-3.1205282e-08	-0.0
1.4359855e-20	0.0	-9.075826e-21	-0.0	1.4165437e-08	0.0	-4.0166213e-08	-0.0	3.8904318e-08	-0.0	-5.380823e-08	-0.0	-8.827271e-09	-0.0	6.930293e-09	-0.0
8.681803e-22	0.0	-3.0188066e-23	-0.0	8.605358e-08	0.0	2.4489873e-07	-0.0	4.1216776e-07	-0.0	4.0213837e-07	-0.0	-2.1224227e-07	-0.0	-3.1242376e-08	-0.0
1.367517e-20	0.0	-8.6459115e-21	-0.0	-2.8308793e-09	0.0	8.308166e-09	-0.0	-3.4991554e-09	-0.0	1.9305409e-08	-0.0	2.6096856e-09	-0.0	-3.8307482e-11	-0.0
-1.1062321e-22	0.0	1.0166187e-21	-0.0	-8.589185e-08	0.0	-2.444167e-07	-0.0	-4.110923e-07	-0.0	-4.001742e-07	-0.0	2.1160045e-07	-0.0	3.1160784e-08	-0.0
-1.3736161e-20	0.0	9.0840975e-21	-0.0	6.280004e-09	-0.0	-1.6935502e-08	-0.0	2.7859869e-08	-0.0	-2.8206365e-08	-0.0	-1.5707258e-08	-0.0	8.7680974e-10	-0.0
-1.0888878e-21	0.0	-1.3476721e-21	-0.0	-1.492036e-10	0.0	-2.4418592e-10	-0.0	-8.4113244e-10	-0.0	-1.1371918e-09	-0.0	3.3746594e-10	-0.0	1.0048273e-10	-0.0
8.284289e-13	0.0	-8.284291e-13	-0.0	-1.0655519e-08	0.0	2.9523804e-08	0.0	-2.5602162e-08	-0.0	-9.944394e-09	-0.0	-4.398011e-08	-0.0	-4.1052786e-08	-0.0
5.0562507e-17	0.0	5.0561395e-17	0.0	1.4988473e-09	0.0	3.6616257e-09	0.0	5.7334546e-09	0.0	7.672497e-09	0.0	-4.831236e-09	0.0	6.1118044e-10	0.0
8.28425e-13	0.0	-8.2842327e-13	-0.0	-1.5846183e-08	0.0	4.3461455e-08	0.0	-3.006602e-08	0.0	4.9845994e-09	-0.0	-4.0841655e-08	0.0	-4.4785736e-08	0.0
5.056489e-17	0.0	5.0564254e-17	-0.0	-9.677024e-10	0.0	-4.280082e-09	0.0	-6.7375368e-09	0.0	-4.820322e-09	-0.0	1.6880222e-09	0.0	1.7753337e-09	0.0
-8.284287e-13	0.0	8.284291e-13	-0.0	1.432624e-08	0.0	-4.4271715e-08	-0.0	3.6887172e-08	0.0	-8.741175e-09	-0.0	3.3262623e-08	0.0	4.1976833e-08	0.0
-1.5168997e-16	0.0	-1.5168756e-16	-0.0	-1.1059456e-09	-0.0	2.5465852e-10	0.0	1.1350494e-09	0.0	-5.675247e-09	-0.0	5.122274e-09	0.0	-3.2014214e-09	-0.0
0.3535535	0.0	-0.35355338	-0.0	3.4957775e-06	0.0	-3.2358803e-06	0.0	2.5612053e-08	-0.0	1.944427e-06	-0.0	1.4910765e-06	-0.0	-4.3000182e-07	0.0
2.1579188e-05	0.0	2.1579193e-05	-0.0	2.9802322e-08	0.0	1.1920929e-07	0.0	2.9685907e-08	0.0	0.0	-0.0	5.9604645e-08	0.0	-5.2154064e-08	0.0
0.35355347	0.0	-0.3535533	-0.0	3.500376e-06	0.0	-3.2270327e-06	0.0	1.8168066e-08	-0.0	1.9334257e-06	-0.0	1.4554244e-06	-0.0	-4.5599882e-07	0.0
2.1579188e-05	0.0	2.1579193e-05	-0.0	5.9604645e-08	0.0	1.1920929e-07	0.0	-2.910383e-08	0.0	1.4901161e-08	-0.0	-7.450581e-09	0.0	4.4703484e-08	0.0
-0.3535535	0.0	0.35355338	-0.0	-3.4957775e-06	0.0	3.2121316e-06	0.0	-1.0710892e-08	0.0	-1.919514e-06	-0.0	-1.4165707e-06	0.0	4.8029324e-07	0.0
-6.473757e-05	0.0	-6.4737585e-05	-0.0	5.9604645e-08	0.0	5.9604645e-08	-0.0	-2.3283064e-10	0.0	0.0	-0.0	-1.4901161e-08	0.0	3.7252903e-09	-0.0
-0.17677677	0.0	0.17677669	-0.0	-1.7443672e-06	0.0	1.6028062e-06	0.0	-1.1168595e-08	0.0	-9.564683e-07	-0.0	-7.194467e-07	0.0	2.348097e-07	0.0
7.552715e-05	0.0	7.552717e-05	0.0	-5.9604645e-08	0.0	-1.4901161e-08	0.0	1.3562385e-08	0.0	2.2351742e-08	-0.0	7.450581e-09	0.0	-1.9557774e-08	0.0
0.17677672	0.0	-0.17677662	0.0	1.7443672e-06	0.0	-1.611188e-06	0.0	9.073119e-09	0.0	9.676442e-07	0.0	7.2596595e-07	0.0	-2.2770837e-07	-0.0
7.552715e-05	0.0	7.552717e-05	0.0	-3.7252903e-08	0.0	-2.2351742e-08	0.0	-1.4144462e-08	0.0	1.1175871e-08	0.0	-2.6077032e-08	0.0	1.3038516e-08	0.0
-0.17677677	0.0	0.17677669	0.0	-1.7508864e-06	0.0	1.6177073e-06	0.0	-6.9776434e-09	0.0	-9.792857e-07	0.0	-7.334165e-07	0.0	2.1990854e-07	0.0
-0.0001618439	0.0	-0.00016184394	-0.0	-7.450581e-09	0.0	0.0	0.0	-5.820766e-11	0.0	2.6077032e-08	0.0	1.8626451e-08	0.0	0.0	0.0
-0.08838837	0.0	0.088388324	-0.0	-8.670613e-07	0.0	7.9441816e-07	0.0	-1.4981197e-08	-0.0	-4.8754737e-07	-0.0	-3.729947e-07	0.0	1.0733493e-07	0.0
0.00016723869	0.0	0.00016723873	-0.0	-3.7252903e-08	0.0	-2.2351742e-08	0.0	2.363231e-08	0.0	3.7252903e-09	-0.0	4.4703484e-08	0.0	-5.2154064e-08	0.0
0.088388346	0.0	-0.088388294	-0.0	8.6426735e-07	0.0	-8.009374e-07	0.0	4.48199e-09	0.0	4.8056245e-07	-0.0	3.6135316e-07	0.0	-1.1315569e-07	0.0
0.00016723869	0.0	0.00016723873	-0.0	-7.450581e-09	0.0	-2.2351742e-08	0.0	-2.3865141e-08	0.0	1.1175871e-08	-0.0	-3.3527613e-08	0.0	5.029142e-08	0.0
-0.08838837	0.0	0.088388324	-0.0	-8.614734e-07	0.0	8.037314e-07	0.0	5.973561e-09	0.0	-4.703179e-07	-0.0	-3.4691766e-07	0.0	1.1944212e-07	0.0
-0.0003398722	0.0	-0.00033987232	-0.0	1.4901161e-08	0.0	-7.450581e-09	0.0	2.910383e-11	0.0	-1.8626451e-08	-0.0	3.7252903e-09	0.0	3.7252903e-09	0.0
-0.04419416	0.0	0.04419413	-0.0	-4.3958426e-07	0.0	4.2654574e-07	0.0	-2.1798769e-08	0.0	-2.3283064e-07	-0.0	-1.7415732e-07	0.0	4.6333298e-08	0.0
0.0003425696	0.0	0.00034256975	-0.0	7.450581e-09	0.0	-5.5879354e-08	0.0	-3.3003744e-08	0.0	-7.450581e-09	-0.0	-3.5390258e-08	0.0	5.8673322e-08	0.0
0.044194143	0.0	-0.044194117	0.0	4.3585896e-07	0.0	-4.0233135e-07	0.0	2.2118911e-09	0.0	2.3841858e-07	0.0	1.8067658e-07	0.0	-5.5413693e-08	-0.0
0.0003425696	0.0	0.00034256975	0.0	-4.4703484e-08	0.0	-2.9802322e-08	0.0	3.2770913e-08	0.0	3.1664968e-08	0.0	1.6763806e-08	0.0	-6.6589564e-08	0.0
-0.04419416	0.0	0.04419413	0.0	-4.246831e-07	0.0	3.7811697e-07	0.0	1.731678e-08	0.0	-2.477318e-07	0.0	-1.8905848e-07	0.0	6.6822395e-08	0.0
-0.0006878365	0.0	-0.0006878367	-0.0	2.9802322e-08	0.0	4.4703484e-08	0.0	1.7462298e-10	0.0	-2.6077032e-08	-0.0	2.4214387e-08	0.0	6.519258e-09	0.0
-0.022097057	0.0	0.022097044	0.0	-2.1606684e-07	0.0	2.0861626e-07	0.0	7.2759576e-09	0.0	-1.322478e-07	0.0	-1.0058284e-07	0.0	2.7008355e-08	0.0
0.00068918534	0.0	0.0006891855	-0.0	-2.7008355e-08	0.0	-3.7252903e-08	0.0	-1.0069925e-08	0.0	9.313226e-10	-0.0	-9.313226e-10	0.0	-2.1071173e-08	0.0
0.02209702	0.0	-0.022097005	-0.0	1.937151e-07	0.0	-1.937151e-07	0.0	9.895302e-10	0.0	1.2665987e-07	-0.0	8.568168e-08	0.0	-2.6077032e-08	0.0
0.00068918534	0.0	0.0006891855	-0.0	-8.381903e-09	0.0	-2.0489097e-08	0.0	9.924406e-09	0.0	2.514571e-08	-0.0	-2.3283064e-08	0.0	1.3853423e-08	0.0
-0.022097057	0.0	0.022097044	-0.0	-2.0861626e-07	0.0	2.0116568e-07	0.0	-9.487849e-09	0.0	-1.0244548e-07	-0.0	-7.4505806e-08	0.0	2.7008355e-08	0.0
-0.0013797191	0.0	-0.0013797195	-0.0	3.7252903e-09	0.0	0.0	0.0	2.910383e-11	0.0	-5.5879354e-09	-0.0	-5.5879354e-09	0.0	0.0	0.0
-0.01104847	0.0	0.011048462	-0.0	-1.2665987e-07	0.0	1.0430813e-07	0.0	2.4592737e-08	0.0	-8.009374e-08	-0.0	-5.2154064e-08	0.0	3.213063e-08	0.0
0.0013803936	0.0	0.0013803941	-0.0	3.7252903e-08	-0.0	5.9604645e-08	0.0	2.5625923e-08	-0.0	2.4214387e-08	-0.0	-2.4214387e-08	-0.0	2.0023435e-08	0.0
0.011048378	0.0	-0.011048371	-0.0	1.1920929e-07	0.0	-1.0430813e-07	0.0	8.731149e-10	0.0	8.195639e-08	-0.0	2.9802322e-08	0.0	-2.0489097e-08	0.0
0.0013803935	0.0	0.0013803941	0.0	0.0	-0.0	-1.4901161e-08	-0.0	-2.5567715e-08	-0.0	-4.656613e-08	0.0	3.7252903e-08	-0.0	-1.3504177e-08	-0.0
-0.011048463	0.0	0.011048455	0.0	-1.0430813e-07	0.0	1.15484e-07	0.0	-2.5785994e-08	0.0	-3.5390258e-08	0.0	-3.1664968e-08	0.0	-1.3969839e-09	0.0
-0.0027614615	0.0	-0.0027614625	0.0	-2.4214387e-08	0.0	-3.8184226e-08	0.0	-5.820766e-11	0.0	2.2351742e-08	-0.0	-1.21071935e-08	0.0	-5.5879354e-09	0.0
-0.005524099	0.0	0.0055240933	0.0	-1.4901161e-08	0.0	7.450581e-09	0.0	1.2631062e-08	0.0	-7.450581e-09	0.0	1.4901161e-08	0.0	1.5832484e-08	0.0
0.0027617984	0.0	0.0027617994	0.0	1.3038516e-08	0.0	1.8626451e-08	0.0	-2.1718733e-09	0.0	-8.381903e-09	0.0	1.4901161e-08	0.0	-3.7252903e-09	0.0
0.00552393	0.0	-0.0055239243	-0.0	1.4901161e-08	-0.0	-2.9802322e-08	0.0	2.3283064e-10	-0.0	2.9802322e-08	-0.0	1.4901161e-08	-0.0	-5.5879354e-09	0.0
0.0027617984	0.0	0.0027617994	0.0	1.3969839e-08	0.0	2.3283064e-08	0.0	2.222805e-09	-0.0	-1.5832484e-08	0.0	-3.7252903e-09	0.0	9.313226e-09	0.0
-0.0055241054	0.0	0.0055241003	0.0	-2.2351742e-08	0.0	2.2351742e-08	0.0	-1.2980308e-08	0.0	-2.2351742e-08	0.0	-5.2154064e-08	0.0	-1.21071935e-08	0.0
-0.005523934	0.0	-0.005523937	-0.0	-1.8626451e-09	0.0	-9.313226e-10	0.0	-2.1827873e-11	0.0	1.8626451e-09	-0.0	-9.313226e-10	0.0	-4.656613e-10	0.0
-0.002761794	0.0	0.0027617912	0.0	1.4901161e-08	0.0	5.9604645e-08	0.0	2.2118911e-08	0.0	-2.9802322e-08	-0.0	-7.450581e-09	0.0	1.4901161e-08	0.0
0.0055241035	0.0	0.005524106	0.0	9.313226e-10	0.0	-2.1304004e-08	0.0	-9.637915e-09	0.0	1.9965228e-08	0.0	-3.236346e-08	0.0	3.1111995e-08	0.0
0.002761462	0.0	-0.00276146	-0.0	-5.9604645e-08	0.0	0.0	0.0	0.0	0.0	-1.4901161e-08	-0.0	0.0	0.0	1.4901161e-08	0.0
0.0055241035	0.0	0.005524106	0.0	-2.7939677e-08	0.0	-1.9441359e-08	0.0	9.570613e-09	0.0	4.132744e-09	-0.0	2.0256266e-08	0.0	-3.6641723e-08	0.0
-0.0027617987	0.0	0.002761796	0.0	0.0	0.0	4.4703484e-08	0.0	-2.2584572e-08	0.0	-2.9802322e-08	0.0	-3.7252903e-08	0.0	-1.4901161e-08	0.0
-0.011048377	0.0	-0.011048381	0.0	2.6077032e-08	0.0	3.9115548e-08	0.0	5.820766e-11	0.0	-2.3748726e-08	0.0	1.1641532e-08	0.0	5.47152e-09	0.0
-0.0013804017	0.0	0.0013804007	0.0	-2.9802322e-08	0.0	1.4901161e-08	0.0	-1.3387762e-08	0.0	-4.4703484e-08	0.0	-7.450581e-09	0.0	-5.5879354e-09	0.0
0.011048459	0.0	0.011048465	0.0	-2.7706847e-08	0.0	-4.0396117e-08	0.0	-3.744026e-08	0.0	-2.165325e-08	0.0	9.19681e-09	0.0	-9.051291e-09	0.0
0.001379726	0.0	-0.0013797265	0.0	2.2351742e-08	0.0	-3.3527613e-08	0.0	1.891749e-10	0.0	1.6763806e-08	0.0	2.0489097e-08	0.0	-2.3283064e-09	0.0
0.011048459	0.0	0.011048465	0.0	3.0267984e-09	0.0	1.5133992e-09	0.0	3.738569e-08	0.0	4.4470653e-08	0.0	-2.013985e-08	0.0	3.754394e-09	0.0
-0.0013803928	0.0	0.0013803935	0.0	0.0	-0.0	1.4901161e-08	0.0	1.268927e-08	-0.0	-1.4901161e-08	-0.0	7.450581e-09	-0.0	2.4214387e-08	0.0
-0.022097006	0.0	-0.022097016	-0.0	-1.647924e-09	0.0	-1.5197705e-09	0.0	-8.559375e-12	0.0	9.1088737e-10	0.0	-6.853398e-10	0.0	-2.1453417e-10	0.0
-0.00068918883	0.0	0.00068918813	0.0	-9.313226e-09	0.0	1.6763806e-08	0.0	1.0848453e-08	0.0	-2.3283064e-08	0.0	-1.7695129e-08	0.0	-7.450581e-09	0.0
0.022097053	0.0	0.022097062	0.0	1.1613498e-08	-0.0	2.5783907e-08	-0.0	-7.158301e-09	0.0	-1.2012027e-08	-0.0	2.1151685e-09	0.0	5.120633e-09	-0.0
0.0006878365	0.0	-0.0006878359	0.0	1.7488775e-08	0.0	-1.6128531e-08	0.0	9.086776e-11	0.0	9.666701e-09	0.0	7.2728294e-09	0.0	-2.2768418e-09	0.0
0.022097053	0.0	0.022097062	0.0	1.8132756e-08	0.0	1.7402003e-08	0.0	7.240819e-09	0.0	-1.3409011e-08	-0.0	1.0962733e-08	0.0	8.132659e-10	0.0
-0.00068918837	0.0	0.00068918953	0.0	-9.313226e-09	0.0	7.450581e-09	0.0	-1.1037628e-08	0.0	6.519258e-09	0.0	-2.7939677e-09	0.0	1.0011718e-08	0.0
-0.044194143	0.0	-0.044194166	0.0	-3.0020157e-08	0.0	-4.3438504e-08	0.0	-8.39413e-11	0.0	2.557244e-08	0.0	-1.3191807e-08	0.0	-5.96955e-09	0.0
-0.00034256844	0.0	0.00034256728	0.0	5.2214304e-09	0.0	-5.46272e-09	0.0	7.697345e-10	0.0	-1.5019474e-08	0.0	-1.8131878e-08	0.0	-1.9474216e-08	0.0
0.044194166	0.0	0.044194188	0.0	9.755235e-09	0.0	1.862193e-08	0.0	-2.2640174e-09	0.0	-1.0973087e-08	0.0	-1.5713937e-09	0.0	6.297441e-09	0.0
0.00033986545	0.0	-0.00033986347	0.0	1.98939e-08	0.0	-1.0780894e-08	0.0	3.7445602e-11	0.0	8.42277e-09	0.0	-2.7772256e-09	0.0	-2.7495082e-09	0.0
0.044194166	0.0	0.044194188	0.0	2.4656396e-08	0.0	2.8866479e-08	0.0	2.3707676e-09	0.0	-1.7026684e-08	0.0	1.6589397e-08	0.0	2.4384406e-10	0.0
-0.00034256402	0.0	0.00034256285	0.0	-3.3894118e-08	0.0	2.4339602e-08	0.0	-8.5280405e-10	0.0	1.7443327e-09	-0.0	1.725838e-08	0.0	2.3366622e-08	0.0
-0.088388346	0.0	-0.08838839	-0.0	-8.645461e-09	0.0	-7.973024e-09	0.0	-4.491163e-11	0.0	4.77867e-09	0.0	-3.5952787e-09	0.0	-1.1255565e-09	0.0
-0.00016723579	0.0	0.00016723401	0.0	-1.4973258e-09	0.0	1.6027251e-09	0.0	7.970614e-09	0.0	-9.296228e-09	-0.0	-7.8964595e-09	0.0	6.1389507e-09	0.0
0.08838836	0.0	0.08838839	0.0	6.00586e-09	0.0	-1.0854321e-08	0.0	-1.5516546e-08	0.0	3.5728291e-09	-0.0	-2.1907123e-08	0.0	2.6240794e-08	-0.0
0.00016184394	0.0	-0.00016184381	0.0	4.118574e-09	0.0	-3.7982453e-09	0.0	2.1397994e-11	0.0	2.276476e-09	0.0	1.7127313e-09	0.0	-5.3619864e-10	0.0
0.08838836	0.0	0.08838839	0.0	-1.4483237e-08	0.0	-1.2716966e-08	0.0	1.5544517e-08	0.0	1.0092087e-08	-0.0	1.7674086e-08	0.0	-2.940573e-08	-0.0
-0.00016723486	0.0	0.00016723471	0.0	-1.8261133e-08	0.0	9.053306e-09	0.0	-8.0073885e-09	0.0	9.483205e-10	-0.0	1.0729992e-08	0.0	-3.4071057e-09	0.0
-0.17677672	0.0	-0.17677678	0.0	8.4128455e-09	0.0	2.3511781e-08	0.0	-2.8304914e-11	0.0	-1.3629279e-08	0.0	4.206239e-09	0.0	3.1565266e-09	0.0
-7.552709e-05	0.0	7.5528034e-05	0.0	1.8392385e-09	0.0	-1.0806987e-08	0.0	1.3803316e-08	0.0	-5.2940896e-09	0.0	-2.1680796e-08	0.0	1.643493e-08	0.0
0.17677666	0.0	0.1767767	0.0	4.451639e-09	0.0	-1.3792019e-08	0.0	-1.622477e-08	0.0	-3.2086817e-08	0.0	1.1732139e-08	0.0	4.308017e-09	0.0
6.4744265e-05	0.0	-6.4745895e-05	0.0	-9.60049e-09	0.0	1.2881038e-09	0.0	1.6044055e-11	0.0	-2.733227e-09	0.0	7.057811e-09	0.0	1.4094095e-09	0.0
0.17677666	0.0	0.17677672	0.0	4.6844733e-09	0.0	6.4642487e-09	0.0	1.6344236e-08	0.0	3.6016147e-08	0.0	-8.640539e-09	0.0	-5.179837e-09	0.0
-7.553396e-05	0.0	7.553454e-05	0.0	5.564525e-09	0.0	1.154476e-08	0.0	-1.3830775e-08	0.0	6.8131056e-09	0.0	1.3709466e-08	0.0	-1.7558342e-08	0.0
