0.0040668487	-0.0	-0.49998367	-0.0
-6.497505e-08	0.0	1.9962965e-07	0.0
0.0040668477	0.0	-0.49998337	0.0
-7.402448e-08	0.0	-5.1571547e-10	0.0
-0.0040668375	0.0	0.49998322	0.0
1.0022966e-07	0.0	2.0081691e-07	0.0
-1.2922101e-08	0.0	4.4703484e-08	0.0
1.5942027e-07	0.0	1.1284271e-09	0.0
-1.9208528e-08	0.0	4.4703484e-08	0.0
1.2867486e-07	0.0	9.828653e-10	0.0
9.487849e-09	0.0	-4.4703484e-08	0.0
-1.1533617e-07	0.0	-9.1358743e-10	0.0
1.4551915e-08	0.0	-2.2351742e-08	0.0
-2.8129708e-08	0.0	-2.0758356e-10	0.0
1.6967533e-08	0.0	-2.6077032e-08	0.0
1.9084565e-08	0.0	1.5833734e-10	0.0
-1.5630755e-08	0.0	2.431262e-08	0.0
-4.9149925e-08	0.0	-3.837305e-10	0.0
-1.7607817e-09	0.0	9.313226e-09	0.0
0.49998376	0.0	0.0040668566	0.0
-4.656613e-09	0.0	1.1175871e-08	0.0
0.49998343	0.0	0.004066855	0.0
-1.1859811e-09	0.0	-7.450581e-09	0.0
-0.4999836	0.0	-0.004066856	0.0
6.4464984e-09	0.0	-4.656613e-10	0.0
-0.24999177	0.0	-0.002033428	0.0
-3.5543053e-09	0.0	4.656613e-10	0.0
0.24999182	0.0	0.0020334276	0.0
-3.5834091e-09	0.0	9.313226e-10	0.0
-0.2499917	0.0	-0.0020334264	0.0
1.1319571e-08	0.0	0.0	-0.0
-0.124995954	0.0	-0.001016714	-0.0
-8.8348315e-09	0.0	3.4924597e-10	-0.0
0.12499593	0.0	0.0010167139	-0.0
-8.788447e-09	0.0	-1.1641532e-10	-0.0
-0.12499589	0.0	-0.0010167139	-0.0
2.247998e-08	0.0	0.0	-0.0
-0.062497992	0.0	-0.0005083573	0.0
8.255938e-09	0.0	1.7462298e-10	0.0
0.06249798	0.0	0.0005083572	0.0
8.504685e-09	0.0	1.7462298e-10	0.0
-0.06249798	0.0	-0.0005083571	0.0
-1.7229695e-08	0.0	-2.910383e-10	0.0
-0.031249007	0.0	-0.00025417862	-0.0
-1.7075442e-08	0.0	-1.4116663e-11	-0.0
0.031248977	0.0	0.0002541784	-0.0
-1.7087265e-08	0.0	-2.8668578e-11	-0.0
-0.03124898	0.0	-0.00025417854	-0.0
3.1654963e-08	0.0	9.458745e-11	-0.0
-0.015624423	0.0	-0.00012708882	-0.0
-5.3981864e-08	0.0	-2.910383e-10	-0.0
0.015624392	0.0	0.00012708851	0.0
-5.3858685e-08	0.0	-2.8376235e-10	0.0
-0.015624401	0.0	-0.00012708866	0.0
1.684403e-07	0.0	1.1132215e-09	0.0
-0.0078121014	0.0	-6.354357e-05	0.0
1.9215122e-08	0.0	4.0017767e-10	0.0
0.007811859	0.0	6.354159e-05	-0.0
1.915915e-08	0.0	3.9691142e-10	-0.0
-0.0078121154	0.0	-6.354359e-05	-0.0
-5.7499136e-08	0.0	-9.428958e-10	-0.0
-0.0039058127	0.0	-3.1769898e-05	-0.0
7.097409e-08	0.0	1.0466809e-09	-0.0
0.0039059795	0.0	3.1770414e-05	-0.0
7.0969215e-08	0.0	1.0475903e-09	-0.0
-0.0039057944	0.0	-3.176977e-05	0.0
-1.6739268e-07	0.0	-2.2971984e-09	0.0
-0.0019527872	0.0	-1.5883821e-05	0.0
-5.5180568e-08	0.0	4.8430593e-10	0.0
0.0019528869	0.0	1.5885096e-05	0.0
-5.5266305e-08	0.0	4.836238e-10	0.0
-0.0019528194	0.0	-1.5883918e-05	-0.0
-1.285076e-07	0.0	-2.9103042e-09	-0.0
-0.0009763685	0.0	-7.942016e-06	-0.0
1.4702486e-07	0.0	3.0595642e-09	-0.0
0.00097621995	0.0	7.940625e-06	-0.0
1.4697207e-07	0.0	3.0594505e-09	-0.0
-0.00097638764	0.0	-7.942034e-06	-0.0
-2.5282745e-07	0.0	-5.782883e-09	-0.0
-0.0004883431	0.0	-3.9719216e-06	0.0
8.331489e-08	0.0	4.403679e-09	0.0
0.0004881207	0.0	3.969449e-06	0.0
8.323771e-08	0.0	4.402912e-09	0.0
-0.00048782903	0.0	-3.9674396e-06	0.0
-1.486995e-07	0.0	-8.6607885e-09	-0.0
-0.00024404674	0.0	-1.9847928e-06	-0.0
7.283213e-08	0.0	8.043478e-09	-0.0
0.00024408143	0.0	1.9853583e-06	-0.0
7.294063e-08	0.0	8.044373e-09	-0.0
-0.0002440784	0.0	-1.985284e-06	-0.0
-4.3489496e-08	0.0	-1.5255665e-08	-0.0
-0.00012207613	0.0	-9.932361e-07	-0.0
3.9806853e-08	0.0	1.5225636e-08	0.0
0.00012211467	0.0	9.930634e-07	-0.0
3.950766e-08	0.0	1.5223057e-08	-0.0
-0.00012197741	0.0	-9.92312e-07	-0.0
-3.3493002e-08	0.0	-3.0075885e-08	-0.0
-6.109105e-05	0.0	-4.9656967e-07	-0.0
1.4353418e-08	0.0	2.992014e-08	-0.0
6.1027917e-05	0.0	4.9511607e-07	-0.0
1.438318e-08	0.0	2.9920415e-08	-0.0
-6.0966253e-05	0.0	-4.955656e-07	-0.0
-2.6266191e-09	0.0	-5.962814e-08	-0.0
-3.0585634e-05	0.0	-2.4987906e-07	-0.0
3.0910388e-09	0.0	5.9631894e-08	-0.0
3.059663e-05	0.0	2.5606946e-07	-0.0
3.1055836e-09	0.0	5.963202e-08	-0.0
-3.054093e-05	0.0	-2.502283e-07	-0.0
-3.485045e-09	0.0	-1.1924189e-07	-0.0
-1.5286263e-05	0.0	-1.3036333e-07	-0.0
-2.3425848e-09	0.0	1.1919451e-07	-0.0
1.5269965e-05	0.0	1.3148747e-07	-0.0
-2.3877185e-09	0.0	1.19194134e-07	-0.0
-1.531234e-05	0.0	-1.2995588e-07	-0.0
6.671911e-09	0.0	-2.3837264e-07	-0.0
-7.633353e-06	0.0	-8.3975465e-08	-0.0
-3.7631303e-09	0.0	2.3839628e-07	-0.0
7.5728167e-06	0.0	9.764153e-08	-0.0
-3.5653294e-09	0.0	2.3839796e-07	-0.0
-7.573748e-06	0.0	-8.391726e-08	-0.0
2.8659741e-09	0.0	-4.768303e-07	-0.0
-3.7985155e-06	0.0	-3.261721e-08	-0.0
-1.608953e-09	0.0	4.768403e-07	-0.0
3.8130675e-06	0.0	1.00104444e-07	-0.0
-1.7240609e-09	0.0	4.768393e-07	-0.0
-3.7761638e-06	0.0	-3.2267963e-08	-0.0
3.553012e-09	0.0	-9.536773e-07	-0.0
-1.9361323e-06	0.0	-8.4787985e-08	-0.0
-5.4976965e-09	0.0	9.536607e-07	-0.0
1.9645086e-06	-0.0	3.1601303e-08	-0.0
-5.526843e-09	0.0	9.536604e-07	-0.0
-1.9361323e-06	0.0	-8.4555154e-08	-0.0
1.518994e-08	0.0	-1.907288e-06	-0.0
-9.770738e-07	0.0	2.9529474e-08	-0.0
-1.7507125e-08	0.0	1.9072693e-06	0.0
9.5181167e-07	0.0	-2.715933e-08	0.0
-1.7408643e-08	0.0	1.9072701e-06	-0.0
-9.912765e-07	0.0	2.94458e-08	-0.0
3.5266744e-08	0.0	-3.81454e-06	-0.0
-4.436588e-07	0.0	7.8143785e-09	-0.0
-3.3127513e-08	0.0	3.814555e-06	-0.0
4.1536987e-07	0.0	-8.98217e-09	-0.0
-3.3139678e-08	0.0	3.814555e-06	-0.0
-4.4482294e-07	0.0	7.8935045e-09	-0.0
6.197952e-08	0.0	-7.629142e-06	0.0
-1.6391277e-07	0.0	7.2723196e-09	0.0
-6.000396e-08	0.0	7.6291603e-06	0.0
2.3585744e-07	0.0	5.8935257e-09	0.0
-5.990173e-08	0.0	7.6291612e-06	0.0
-2.514571e-07	0.0	6.2209438e-09	-0.0
1.1982402e-07	0.0	-1.5258311e-05	-0.0
-1.4388934e-07	0.0	-1.0586518e-09	-0.0
-1.2196395e-07	0.0	1.52583025e-05	-0.0
1.8253922e-07	-0.0	-9.677024e-10	-0.0
-1.2196396e-07	0.0	1.52583025e-05	-0.0
-1.5366822e-07	0.0	-1.1641532e-09	-0.0
2.4819832e-07	0.0	-3.051659e-05	-0.0
-7.4040145e-08	0.0	7.9671736e-10	0.0
-2.503145e-07	0.0	3.0516578e-05	0.0
5.2154064e-08	0.0	1.0622898e-09	0.0
-2.5035538e-07	0.0	3.0516578e-05	0.0
-1.0430813e-07	0.0	5.675247e-10	0.0
5.0067734e-07	0.0	-6.103312e-05	-0.0
-1.5832484e-08	0.0	-2.066372e-09	-0.0
-4.9857954e-07	0.0	6.1033064e-05	-0.0
-2.9802322e-08	0.0	2.5102054e-09	-0.0
-4.985373e-07	0.0	6.1033064e-05	-0.0
2.2351742e-08	0.0	-1.8408173e-09	-0.0
9.928751e-07	0.0	-0.00012206617	-0.0
7.450581e-09	0.0	-1.4260877e-09	-0.0
-9.907437e-07	0.0	0.00012206624	0.0
1.1175871e-08	0.0	9.604264e-10	0.0
-9.907662e-07	0.0	0.00012206624	0.0
2.0489097e-08	0.0	-1.3242243e-09	0.0
1.98151e-06	0.0	-0.00024413239	0.0
-3.9115548e-08	0.0	4.3655746e-11	-0.0
-1.9836332e-06	0.0	0.00024413233	-0.0
8.940697e-08	0.0	-1.0477379e-09	-0.0
-1.9836411e-06	0.0	0.00024413233	-0.0
-4.284084e-08	0.0	0.0	-0.0
3.9715233e-06	0.0	-0.00048826457	-0.0
-2.6077032e-08	0.0	8.731149e-10	-0.0
-3.9736315e-06	0.0	0.0004882641	-0.0
0.0	0.0	-4.656613e-10	0.0
-3.973657e-06	0.0	0.0004882641	0.0
-3.7252903e-08	0.0	8.440111e-10	0.0
7.947294e-06	0.0	-0.00097652886	-0.0
2.2351742e-08	0.0	-8.1490725e-10	0.0
-7.9451665e-06	0.0	0.0009765289	-0.0
-2.2351742e-08	0.0	9.895302e-10	-0.0
-7.9451775e-06	0.0	0.0009765289	-0.0
1.4901161e-08	0.0	-6.9849193e-10	-0.0
1.5886097e-05	0.0	-0.001953058	-0.0
7.450581e-09	0.0	1.1641532e-10	-0.0
-1.5883958e-05	0.0	0.0019530585	-0.0
0.0	0.0	-2.0954758e-09	-0.0
-1.5884e-05	0.0	0.0019530585	0.0
-7.450581e-09	0.0	5.820766e-11	0.0
3.1767955e-05	0.0	-0.0039061175	0.0
-7.4505806e-08	0.0	4.307367e-09	-0.0
-3.1770098e-05	0.0	0.0039061175	0.0
8.940697e-08	0.0	-4.656613e-09	0.0
-3.1770083e-05	0.0	0.0039061175	0.0
-4.4703484e-08	0.0	4.307367e-09	-0.0
6.354445e-05	0.0	-0.007812237	-0.0
0.0	0.0	2.561137e-09	0.0
-6.35466e-05	0.0	0.0078122425	0.0
2.9802322e-08	0.0	-3.7252903e-09	0.0
-6.354661e-05	0.0	0.0078122425	0.0
2.9802322e-08	0.0	2.561137e-09	0.0
0.00012709326	0.0	-0.015624489	0.0
1.1920929e-07	0.0	-1.3504177e-08	0.0
-0.00012709126	0.0	0.015624506	0.0
-7.4505806e-08	0.0	1.1001248e-08	0.0
-0.00012709125	0.0	0.015624506	0.0
1.4901161e-07	0.0	-1.3504177e-08	0.0
0.0002541784	0.0	-0.031249015	-0.0
4.4703484e-08	0.0	-1.3038516e-08	-0.0
-0.00025417624	0.0	0.03124902	0.0
-1.6206918e-08	0.0	-5.5456556e-10	-0.0
-0.00025417624	0.0	0.03124902	0.0
2.2351742e-08	0.0	-1.3184035e-08	-0.0
0.00050835265	0.0	-0.062498067	0.0
-2.2329253e-08	0.0	5.8924307e-08	0.0
-0.00050835405	0.0	0.06249799	0.0
3.060748e-08	0.0	-1.3808803e-07	0.0
-0.0005083541	0.0	0.06249799	0.0
2.2488678e-11	0.0	5.909893e-08	0.0
0.0010167122	0.0	-0.12499595	-0.0
-1.0793279e-08	0.0	1.9371305e-07	0.0
-0.0010167136	0.0	0.124995835	0.0
-1.864521e-09	0.0	-2.3972927e-07	-0.0
-0.0010167136	0.0	0.124995835	0.0
-2.196915e-08	0.0	1.9368395e-07	0.0
0.0020334267	0.0	-0.24999166	0.0
1.7679e-08	0.0	1.21191e-07	0.0
-0.0020334262	0.0	0.24999185	0.0
-3.815349e-08	0.0	-1.06581496e-07	0.0
-0.002033426	0.0	0.24999185	0.0
2.1404283e-08	0.0	1.2119104e-07	0.0
