-0.3536116	0.0	-0.35349515	0.0	2.2057094e-08	0.0	6.927551e-09	0.0	7.0320314e-09	0.0	2.2090159e-08	0.0
-9.765721e-08	0.0	9.230554e-08	0.0	-3.4854356e-08	0.0	-1.8675928e-08	0.0	1.346073e-08	0.0	2.8760462e-08	0.0
-0.35361177	0.0	-0.35349518	0.0	3.51603e-08	0.0	3.7562742e-08	0.0	2.7406365e-08	0.0	1.9241284e-08	0.0
-1.6703495e-08	0.0	1.2345865e-08	0.0	-3.7606195e-08	0.0	-2.243376e-08	0.0	2.3189179e-08	0.0	4.0972164e-08	0.0
0.3536116	0.0	0.35349512	0.0	-2.991503e-08	0.0	3.021302e-08	0.0	1.9172322e-08	0.0	-3.4875015e-08	0.0
-7.119354e-08	0.0	6.733541e-08	0.0	2.4580725e-08	0.0	1.8583519e-08	0.0	-2.470557e-08	0.0	-2.667531e-08	0.0
2.2351742e-08	0.0	2.2351742e-08	0.0	3.2737134e-08	0.0	-7.589899e-08	0.0	-7.156031e-08	0.0	2.4644102e-08	0.0
2.5543159e-09	0.0	-4.4956323e-09	0.0	4.0374715e-08	0.0	2.934677e-10	0.0	-7.3655766e-09	0.0	-3.7767464e-08	0.0
2.9802322e-08	0.0	2.9802322e-08	0.0	1.6227458e-08	0.0	-9.0614826e-08	0.0	-7.4508264e-08	0.0	2.6657043e-08	0.0
4.9526534e-09	0.0	-4.9020628e-09	0.0	3.5548744e-08	0.0	-2.1565755e-08	0.0	1.8893719e-08	0.0	-3.518758e-08	0.0
-2.9802322e-08	0.0	-2.9802322e-08	0.0	-2.0417534e-08	0.0	8.684453e-08	0.0	8.540611e-08	0.0	-2.5832913e-08	0.0
6.501182e-09	0.0	-7.4005584e-09	0.0	-3.1872627e-08	0.0	3.198923e-08	0.0	-3.009489e-08	0.0	2.9610483e-08	0.0
-1.4901161e-08	0.0	-1.8626451e-08	0.0	1.7903236e-08	0.0	-8.260346e-09	0.0	-2.7612636e-08	0.0	4.5897153e-09	0.0
-2.0452262e-09	0.0	2.0884272e-09	0.0	9.643166e-08	0.0	7.049102e-08	0.0	-7.165296e-08	0.0	-9.455287e-08	0.0
-2.0489097e-08	0.0	-2.0489097e-08	0.0	3.0204678e-08	0.0	-5.001952e-09	0.0	-2.9291133e-08	0.0	1.599884e-08	0.0
4.7793947e-10	0.0	-1.0459189e-10	0.0	1.07229106e-07	0.0	5.5244698e-08	0.0	-6.317061e-08	0.0	-1.0216788e-07	0.0
1.5742685e-08	0.0	1.5741794e-08	0.0	1.6999588e-08	-0.0	-4.8319027e-10	0.0	-1.2417454e-08	0.0	1.5667553e-08	-0.0
-5.339274e-09	0.0	1.7904255e-09	0.0	-1.0964057e-07	0.0	-6.152243e-08	0.0	5.469276e-08	0.0	1.1655628e-07	0.0
5.5879354e-09	0.0	5.5879354e-09	0.0	4.5396513e-09	0.0	3.569285e-08	0.0	1.8836863e-08	0.0	-1.3834031e-08	0.0
-2.6716862e-08	0.0	2.898787e-08	0.0	0.33752823	0.0	-0.10610012	0.0	0.10769887	0.0	-0.3380341	0.0
9.313226e-09	0.0	9.313226e-09	0.0	0.0052868	0.0	0.001661884	0.0	0.0016869215	0.0	0.0052947435	0.0
-2.9021976e-08	0.0	2.8850081e-08	0.0	0.33744538	0.0	-0.106074005	0.0	0.107672386	0.0	-0.33795118	0.0
-5.5879354e-09	0.0	-5.5879354e-09	0.0	0.0052868384	0.0	0.0016619384	0.0	0.0016869352	0.0	0.0052947705	0.0
2.7117494e-08	0.0	-2.6519047e-08	0.0	-0.3375283	0.0	0.10610007	0.0	-0.10769885	0.0	0.33803415	0.0
-1.8626451e-09	0.0	-1.8626451e-09	0.0	-0.015859235	0.0	-0.0049852743	0.0	-0.0050603854	0.0	-0.015883004	0.0
1.6592821e-08	0.0	-1.2412784e-08	0.0	-0.16859855	0.0	0.052997913	0.0	-0.05379651	0.0	0.16885124	0.0
1.8626451e-09	0.0	1.8626451e-09	0.0	0.018500056	0.0	0.0058153304	0.0	0.0059029507	0.0	0.01852779	0.0
-1.706394e-08	0.0	1.823355e-08	0.0	0.16830881	0.0	-0.052906852	0.0	0.05370411	0.0	-0.16856104	0.0
1.8626451e-09	0.0	1.8626451e-09	0.0	0.01850005	0.0	0.0058153537	0.0	0.0059029963	0.0	0.018527776	0.0
1.7120131e-08	0.0	-1.7087391e-08	-0.0	-0.16859846	0.0	0.05299797	-0.0	-0.053796556	0.0	0.1688512	-0.0
-2.6775524e-09	0.0	-2.6775524e-09	-0.0	-0.039636385	-0.0	-0.012459454	-0.0	-0.012647138	-0.0	-0.0396958	-0.0
6.846676e-09	0.0	-5.842594e-09	-0.0	-0.08384397	-0.0	0.026355848	-0.0	-0.026752984	-0.0	0.08396966	-0.0
3.1432137e-09	0.0	3.1432137e-09	-0.0	0.040949658	-0.0	0.01287226	-0.0	0.013066229	-0.0	0.04101103	-0.0
-7.8071025e-09	0.0	1.0804797e-08	-0.0	0.0832026	-0.0	-0.02615426	-0.0	0.026548367	-0.0	-0.08332728	-0.0
2.7939677e-09	0.0	2.7939677e-09	-0.0	0.040949646	-0.0	0.01287224	-0.0	0.013066226	-0.0	0.041011028	-0.0
1.6640115e-08	0.0	-1.7462298e-08	-0.0	-0.08384398	-0.0	0.026355878	-0.0	-0.026753016	-0.0	0.08396965	-0.0
-5.7043508e-09	0.0	-5.646143e-09	-0.0	-0.08320251	-0.0	-0.026154164	-0.0	-0.026548266	-0.0	-0.08332725	-0.0
6.8248482e-09	0.0	-6.8248482e-09	0.0	-0.04094967	0.0	0.012872337	0.0	-0.013066302	0.0	0.041011047	0.0
5.84987e-09	0.0	5.84987e-09	0.0	0.08384396	0.0	0.026355784	0.0	0.02675293	0.0	0.083969615	0.0
-3.4924597e-09	0.0	4.307367e-09	0.0	0.039636362	0.0	-0.012459549	0.0	0.012647272	0.0	-0.03969579	0.0
5.7625584e-09	0.0	5.7625584e-09	0.0	0.08384393	0.0	0.02635575	0.0	0.026752906	0.0	0.083969615	0.0
-2.910383e-10	0.0	-2.240995e-09	0.0	-0.040949646	0.0	0.012872337	0.0	-0.013066299	0.0	0.041011028	0.0
-1.15833245e-08	0.0	-1.1554221e-08	0.0	-0.16830868	0.0	-0.052906785	0.0	-0.05370402	0.0	-0.16856098	0.0
5.176724e-09	0.0	-4.3281695e-10	-0.0	-0.018500002	-0.0	0.005815406	-0.0	-0.005903043	-0.0	0.018527735	-0.0
1.1527195e-08	0.0	1.15271845e-08	-0.0	0.16859849	-0.0	0.052997865	-0.0	0.05379646	-0.0	0.16885121	-0.0
3.0267984e-09	0.0	-3.0267984e-09	-0.0	0.015859202	-0.0	-0.0049852664	-0.0	0.0050604	-0.0	-0.01588298	-0.0
1.1578127e-08	0.0	1.157084e-08	-0.0	0.16859849	-0.0	0.052997872	-0.0	0.05379647	-0.0	0.16885127	-0.0
5.2011095e-10	0.0	2.7395006e-09	-0.0	-0.018500034	-0.0	0.0058153993	-0.0	-0.0059030517	-0.0	0.01852778	-0.0
-2.3108441e-08	0.0	-2.3101165e-08	-0.0	-0.33744553	-0.0	-0.106073864	-0.0	-0.10767223	-0.0	-0.33795136	-0.0
1.9790605e-09	0.0	-3.8417056e-09	-0.0	-0.005286817	-0.0	0.0016619223	-0.0	-0.001686954	-0.0	0.0052947463	-0.0
-2.3115717e-08	0.0	-2.3108441e-08	-0.0	-0.33752835	-0.0	-0.10609993	-0.0	-0.10769863	-0.0	-0.33803433	-0.0
1.5133992e-09	0.0	-3.3760443e-09	0.0	3.114701e-08	0.0	5.434913e-09	0.0	-2.2398126e-08	0.0	-3.2727257e-08	0.0
2.3097527e-08	0.0	2.3090251e-08	0.0	0.33752832	0.0	0.10609982	0.0	0.10769856	0.0	0.33803442	0.0
-2.3283064e-10	0.0	4.656613e-10	0.0	-0.0052868538	0.0	0.0016619198	0.0	-0.0016869594	0.0	0.005294775	0.0
-2.1827873e-11	0.0	-2.1827873e-11	0.0	-3.4162173e-07	0.0	-4.3099888e-08	0.0	-5.0947335e-08	0.0	-3.2755452e-07	0.0
4.656613e-09	0.0	-5.122274e-09	0.0	-2.5085683e-08	0.0	2.473098e-08	0.0	-2.9946477e-08	0.0	2.4150722e-08	0.0
-2.910383e-11	0.0	-2.910383e-11	0.0	-3.371021e-07	0.0	-3.6260353e-08	0.0	-3.029436e-08	0.0	-3.3629297e-07	0.0
-4.656613e-10	0.0	-9.313226e-10	-0.0	-2.2884706e-08	-0.0	1.0556505e-08	-0.0	-1.1377779e-08	-0.0	2.2566383e-08	-0.0
1.9307195e-11	0.0	1.930443e-11	-0.0	3.0582487e-07	-0.0	4.5093582e-08	-0.0	3.734512e-08	-0.0	3.0471205e-07	-0.0
-5.7760103e-09	0.0	4.378168e-09	-0.0	-1.2830053e-09	-0.0	-5.5278594e-08	-0.0	4.262532e-08	-0.0	2.6506633e-10	-0.0
6.366463e-12	0.0	6.366463e-12	-0.0	3.6459369e-09	-0.0	-1.8016209e-08	-0.0	-1.0543275e-08	-0.0	2.0189646e-08	-0.0
-5.5879354e-09	0.0	5.5879354e-09	-0.0	3.8297003e-08	-0.0	-4.056801e-08	-0.0	3.3834112e-08	-0.0	-3.1111995e-08	-0.0
3.637979e-12	0.0	4.092726e-12	-0.0	-9.258599e-09	-0.0	1.2185126e-08	-0.0	1.6195742e-08	-0.0	-7.735821e-09	-0.0
-9.313226e-09	0.0	5.5879354e-09	-0.0	4.118192e-08	-0.0	-6.06633e-08	-0.0	6.718983e-08	-0.0	-4.893809e-08	-0.0
-5.456968e-12	0.0	-5.456968e-12	-0.0	-3.7639325e-08	-0.0	8.7607077e-10	-0.0	8.193155e-09	-0.0	-2.2504196e-08	-0.0
-1.8626451e-09	0.0	-5.5879354e-09	0.0	-2.1114829e-08	0.0	3.2277967e-08	0.0	-2.8881914e-08	0.0	1.2507371e-08	0.0
4.5474735e-13	0.0	4.5474735e-13	0.0	-1.6531885e-08	0.0	-2.6153657e-09	0.0	6.970538e-09	0.0	-1.3274075e-09	0.0
-8.1397593e-07	0.0	8.121133e-07	0.0	0.10769882	0.0	0.33803445	0.0	-0.33752838	0.0	-0.10610009	0.0
1.364242e-12	0.0	1.364242e-12	0.0	0.0016869464	0.0	-0.005294871	0.0	-0.0052868654	0.0	0.0016618863	0.0
-8.121133e-07	0.0	8.121133e-07	0.0	0.10767239	0.0	0.3379511	0.0	-0.3374453	0.0	-0.10607402	0.0
-5.684342e-13	0.0	-5.684342e-13	0.0	0.0016868508	0.0	-0.005294747	0.0	-0.005286771	0.0	0.0016618011	0.0
8.25613e-07	0.0	-8.256076e-07	-0.0	-0.107698895	-0.0	-0.33803433	-0.0	0.33752838	-0.0	0.10610009	-0.0
-2.2737368e-13	0.0	-2.2737368e-13	-0.0	-0.005060338	-0.0	0.015882976	-0.0	0.015859226	-0.0	-0.0049852096	-0.0
3.501773e-07	0.0	-3.5762787e-07	-0.0	-0.05379654	-0.0	-0.16885126	-0.0	0.16859867	-0.0	0.05299798	-0.0
4.5474735e-13	0.0	4.5474735e-13	-0.0	0.0059029744	-0.0	-0.018527752	-0.0	-0.018499978	-0.0	0.005815351	-0.0
-3.6507845e-07	0.0	3.5762787e-07	-0.0	0.053704064	-0.0	0.16856101	-0.0	-0.16830866	-0.0	-0.052906837	-0.0
5.684342e-14	0.0	5.684342e-14	-0.0	0.005903004	-0.0	-0.018527823	-0.0	-0.018500226	-0.0	0.0058153747	-0.0
4.172325e-07	0.0	-4.172325e-07	-0.0	-0.05379655	-0.0	-0.1688512	-0.0	0.16859843	-0.0	0.05299796	-0.0
-7.3896445e-13	0.0	-7.3896445e-13	-0.0	-0.012647144	-0.0	0.03969582	-0.0	0.039636347	-0.0	-0.012459409	-0.0
8.940697e-08	0.0	-8.940697e-08	0.0	-0.026752986	0.0	-0.0839696	0.0	0.08384394	0.0	0.026355866	0.0
6.82121e-13	0.0	6.82121e-13	0.0	0.013066206	0.0	-0.04101101	0.0	-0.040949635	0.0	0.012872247	0.0
-8.940697e-08	0.0	5.9604645e-08	0.0	0.026548373	0.0	0.083327346	0.0	-0.083202586	0.0	-0.026154255	0.0
6.963319e-13	0.0	6.963319e-13	0.0	0.013066249	0.0	-0.041011065	0.0	-0.040949706	0.0	0.012872287	0.0
2.3841858e-07	0.0	-2.3841858e-07	0.0	-0.026752997	0.0	-0.08396966	0.0	0.08384401	0.0	0.026355851	0.0
-1.41398e-12	0.0	-1.4104273e-12	-0.0	-0.026548296	-0.0	0.08332727	-0.0	0.083202586	-0.0	-0.02615419	-0.0
-1.5038495e-09	0.0	-1.3529302e-08	-0.0	-0.013066256	-0.0	-0.041011076	-0.0	0.040949684	-0.0	0.012872266	-0.0
1.411633e-12	0.0	1.4124927e-12	-0.0	0.026752952	-0.0	-0.08396956	-0.0	-0.08384391	-0.0	0.026355796	-0.0
-8.425616e-11	0.0	-1.1063861e-10	-0.0	0.012647161	-0.0	0.039695762	-0.0	-0.03963637	-0.0	-0.012459434	-0.0
1.4129652e-12	0.0	1.4120486e-12	-0.0	0.026752971	-0.0	-0.083969556	-0.0	-0.08384392	-0.0	0.026355848	-0.0
-1.5052137e-10	0.0	1.2039436e-10	-0.0	-0.013066234	-0.0	-0.041011065	-0.0	0.04094967	-0.0	0.012872273	-0.0
-2.8141276e-12	0.0	-2.817671e-12	-0.0	-0.05370388	-0.0	0.16856094	-0.0	0.16830872	-0.0	-0.052906673	-0.0
-2.0736479e-10	0.0	1.8189894e-10	-0.0	-0.005903051	-0.0	-0.018527713	-0.0	0.0185	-0.0	0.0058154073	-0.0
2.8297364e-12	0.0	2.8297364e-12	-0.0	0.05379662	0.0	-0.16885117	-0.0	-0.16859855	-0.0	0.052998036	-0.0
1.7462298e-10	0.0	-1.7462298e-10	0.0	0.0050603896	0.0	0.015883023	0.0	-0.015859246	0.0	-0.004985299	0.0
2.8137492e-12	0.0	2.812417e-12	0.0	0.053796332	0.0	-0.16885127	0.0	-0.1685985	0.0	0.05299773	0.0
0.0	0.0	-5.820766e-11	0.0	-0.0059030205	0.0	-0.01852785	0.0	0.018500097	0.0	0.005815357	0.0
-5.6439298e-12	0.0	-5.6422644e-12	-0.0	-0.107672185	0.0	0.33795115	-0.0	0.33744553	-0.0	-0.10607382	-0.0
-9.313226e-10	0.0	6.9849193e-10	-0.0	-0.0016870201	-0.0	-0.00529474	-0.0	0.0052868426	-0.0	0.0016620755	-0.0
-5.6444294e-12	0.0	-5.642542e-12	-0.0	-0.10769863	-0.0	0.33803418	-0.0	0.33752832	-0.0	-0.10609988	-0.0
-1.1641532e-10	0.0	1.1641532e-10	-0.0	0.0	-0.0	5.9604645e-08	-0.0	-5.9604645e-08	-0.0	2.9802322e-08	-0.0
5.6439645e-12	0.0	5.642098e-12	-0.0	0.10769862	-0.0	-0.33803415	-0.0	-0.3375284	-0.0	0.1060999	-0.0
4.947651e-10	0.0	-4.947651e-10	-0.0	-0.001686804	-0.0	-0.0052948296	-0.0	0.00528693	-0.0	0.0016617551	-0.0
4.718448e-16	0.0	4.718448e-16	-0.0	-3.7252903e-09	-0.0	4.48199e-08	-0.0	2.9802322e-08	-0.0	-3.7252903e-09	-0.0
-5.820766e-11	0.0	5.820766e-11	-0.0	-2.9802322e-08	-0.0	-7.636845e-08	-0.0	8.568168e-08	-0.0	2.9802322e-08	-0.0
4.718448e-16	0.0	4.718448e-16	-0.0	-2.2351742e-08	-0.0	7.785275e-08	-0.0	9.252108e-08	-0.0	-3.3178367e-08	-0.0
0.0	0.0	0.0	0.0	-3.7252903e-08	0.0	-1.13621354e-07	0.0	9.126961e-08	0.0	4.0978193e-08	0.0
-4.8572257e-16	0.0	-4.8572257e-16	0.0	-1.7462298e-10	0.0	-3.3993274e-08	0.0	-1.2805685e-08	0.0	1.7462298e-09	0.0
1.0186341e-10	0.0	-1.0186341e-10	-0.0	1.1175871e-08	0.0	-2.9802322e-08	-0.0	1.8626451e-08	-0.0	-1.8626451e-08	-0.0
4.8572257e-17	0.0	4.8572257e-17	-0.0	2.9278453e-08	0.0	-8.662755e-08	-0.0	-8.850475e-08	-0.0	2.7241185e-08	-0.0
-4.3655746e-11	0.0	4.3655746e-11	-0.0	3.7252903e-09	0.0	1.6763806e-08	-0.0	-3.0733645e-08	-0.0	7.450581e-09	-0.0
4.1633363e-17	0.0	4.1633363e-17	-0.0	1.542503e-08	-0.0	-3.4262484e-08	-0.0	-1.0688382e-08	-0.0	1.306762e-08	-0.0
-4.3655746e-11	0.0	4.3655746e-11	-0.0	-9.313226e-09	-0.0	1.5832484e-08	-0.0	7.916242e-09	-0.0	0.0	-0.0
-5.421011e-17	0.0	-5.421011e-17	-0.0	-2.4723704e-08	-0.0	1.0801887e-07	-0.0	5.603215e-08	-0.0	-1.580338e-08	-0.0
3.634833e-11	0.0	-3.2711535e-11	-0.0	2.3628013e-08	-0.0	1.208543e-08	-0.0	-2.0929168e-08	-0.0	-1.897261e-08	-0.0
2.3096133e-17	0.0	2.2876044e-17	-0.0	1.5163316e-08	-0.0	-5.824998e-08	-0.0	-5.153727e-08	-0.0	1.654779e-08	-0.0
0.3534952	0.0	-0.3536116	-0.0	2.6635826e-07	-0.0	7.4878335e-07	-0.0	-7.0780516e-07	-0.0	-2.7567148e-07	-0.0
8.4307565e-08	0.0	8.427979e-08	-0.0	7.450581e-09	-0.0	-4.0978193e-08	-0.0	-4.284084e-08	-0.0	8.381903e-09	-0.0
0.35349518	0.0	-0.3536115	-0.0	2.6263297e-07	-0.0	6.92904e-07	-0.0	-7.301569e-07	-0.0	-2.5331974e-07	-0.0
8.4307565e-08	0.0	8.427979e-08	0.0	-1.9557774e-08	0.0	5.9604645e-08	0.0	6.3329935e-08	0.0	-2.142042e-08	-0.0
-0.3534952	0.0	0.3536116	0.0	-2.5518239e-07	0.0	-7.4878335e-07	0.0	7.227063e-07	-0.0	2.5331974e-07	-0.0
-2.5292263e-07	0.0	-2.5283936e-07	0.0	7.450581e-09	0.0	-7.450581e-09	0.0	-3.7252903e-09	0.0	3.7252903e-09	0.0
-0.17674759	0.0	0.17680581	0.0	-1.4342368e-07	0.0	-3.501773e-07	0.0	3.3155084e-07	-0.0	1.359731e-07	0.0
2.950764e-07	0.0	2.9497926e-07	0.0	-1.4901161e-08	0.0	3.9115548e-08	0.0	2.7939677e-08	0.0	-6.9849193e-09	0.0
0.17674758	0.0	-0.17680578	-0.0	1.3783574e-07	-0.0	4.3213367e-07	-0.0	-4.3213367e-07	-0.0	-1.4156103e-07	-0.0
2.950764e-07	0.0	2.9497926e-07	-0.0	1.4901161e-08	-0.0	-1.6763806e-08	-0.0	-2.7939677e-08	-0.0	1.5366822e-08	-0.0
-0.17674759	0.0	0.17680581	-0.0	-1.3038516e-07	-0.0	-4.0605664e-07	-0.0	3.874302e-07	-0.0	1.2665987e-07	-0.0
-6.3230647e-07	0.0	-6.320983e-07	-0.0	0.0	-0.0	-1.4901161e-08	-0.0	-1.4901161e-08	-0.0	-2.7939677e-09	-0.0
-0.0883738	0.0	0.0884029	-0.0	-6.7055225e-08	-0.0	-1.937151e-07	-0.0	2.1606684e-07	-0.0	6.7055225e-08	-0.0
6.5338344e-07	0.0	6.531683e-07	-0.0	1.2747478e-08	-0.0	-6.868504e-08	-0.0	-6.0070306e-08	-0.0	3.8126018e-08	-0.0
0.08837381	0.0	-0.08840293	-0.0	3.7252903e-08	-0.0	1.1920929e-07	-0.0	-1.4901161e-08	-0.0	-2.6077032e-08	-0.0
6.5338344e-07	0.0	6.531683e-07	-0.0	-7.741619e-09	-0.0	7.287599e-08	-0.0	6.6589564e-08	-0.0	-2.8929207e-08	-0.0
-0.0883738	0.0	0.0884029	0.0	-3.7252903e-08	0.0	-1.0430813e-07	0.0	1.4156103e-07	-0.0	2.9802322e-08	-0.0
-1.3278438e-06	0.0	-1.3274067e-06	-0.0	3.259629e-09	0.0	-3.7252903e-09	0.0	0.0	0.0	2.7939677e-09	-0.0
-0.044186894	0.0	0.044201456	0.0	-2.2351742e-08	0.0	-4.4703484e-08	0.0	2.9802322e-08	-0.0	5.9604645e-08	-0.0
1.3383823e-06	0.0	1.3379415e-06	0.0	8.1490725e-09	0.0	-2.6309863e-08	0.0	-2.9569492e-08	0.0	7.21775e-09	0.0
0.044186894	0.0	-0.044201452	0.0	4.4703484e-08	0.0	0.0	0.0	-5.9604645e-08	-0.0	-2.9802322e-08	-0.0
1.3383823e-06	0.0	1.3379415e-06	-0.0	-8.614734e-09	-0.0	1.839362e-08	-0.0	2.2584572e-08	-0.0	-9.546056e-09	-0.0
-0.044186894	0.0	0.044201456	-0.0	-3.7252903e-08	-0.0	-1.4901161e-08	-0.0	5.9604645e-08	-0.0	7.4505806e-08	-0.0
-2.6873029e-06	0.0	-2.686418e-06	-0.0	4.656613e-10	-0.0	9.313226e-09	-0.0	1.071021e-08	-0.0	2.3283064e-09	-0.0
-0.022093453	0.0	0.022100726	-0.0	-3.7252903e-08	-0.0	1.1920929e-07	-0.0	-2.9802322e-08	-0.0	7.450581e-09	-0.0
2.6925716e-06	0.0	2.691685e-06	-0.0	-4.973117e-09	-0.0	-5.0276867e-09	-0.0	2.8667273e-09	-0.0	-6.0290404e-09	-0.0
0.022093453	0.0	-0.02210072	-0.0	-4.1909516e-09	-0.0	-2.7008355e-08	-0.0	3.1664968e-08	-0.0	1.1175871e-08	-0.0
2.6925716e-06	0.0	2.691685e-06	-0.0	-2.6448106e-09	-0.0	-8.752977e-09	-0.0	-1.3897079e-08	-0.0	-3.2350727e-09	-0.0
-0.022093453	0.0	0.022100724	-0.0	7.450581e-09	-0.0	1.3411045e-07	-0.0	-1.0430813e-07	-0.0	-4.4703484e-08	-0.0
-5.390413e-06	0.0	-5.3886383e-06	-0.0	1.01929345e-08	0.0	3.5803964e-09	-0.0	3.6299639e-09	-0.0	1.02099875e-08	0.0
-0.011046721	0.0	0.011050357	0.0	1.2805685e-08	0.0	2.3283064e-09	0.0	-5.122274e-09	0.0	-1.44355e-08	0.0
5.3930476e-06	0.0	5.3912713e-06	0.0	-3.5579433e-09	0.0	-4.081812e-09	0.0	-1.382432e-09	0.0	-2.0208972e-09	0.0
0.011046724	0.0	-0.011050364	-0.0	-7.930794e-10	0.0	-1.195076e-08	0.0	1.1946213e-08	0.0	7.748895e-10	0.0
5.3930476e-06	0.0	5.3912713e-06	0.0	-1.2631062e-08	0.0	8.934876e-09	-0.0	3.255991e-09	-0.0	-1.1097654e-08	0.0
-0.011046725	0.0	0.011050361	-0.0	-1.0011718e-08	-0.0	2.3748726e-08	-0.0	-2.8405339e-08	-0.0	6.0535967e-09	-0.0
-1.0788731e-05	0.0	-1.0785177e-05	-0.0	1.7469574e-08	-0.0	-5.2168616e-09	-0.0	-1.6661943e-09	-0.0	9.804353e-09	-0.0
-0.005523362	0.0	0.0055251857	-0.0	4.4237822e-09	-0.0	-6.0535967e-09	-0.0	1.0244548e-08	-0.0	-3.0267984e-09	-0.0
1.079005e-05	0.0	1.0786496e-05	-0.0	-3.637615e-08	-0.0	4.1283784e-08	-0.0	4.1964086e-08	-0.0	-2.939305e-08	-0.0
0.0055233613	0.0	-0.0055251913	-0.0	-2.7939677e-09	-0.0	-3.7252903e-09	-0.0	-5.5879354e-09	-0.0	-2.7939677e-09	-0.0
1.079005e-05	0.0	1.0786496e-05	-0.0	1.5328624e-08	-0.0	-3.9784936e-08	-0.0	-4.2829924e-08	-0.0	1.4861143e-08	-0.0
-0.0055233613	0.0	0.005525186	-0.0	-5.122274e-09	-0.0	1.5366822e-08	-0.0	-1.21071935e-08	-0.0	6.519258e-09	-0.0
-2.158141e-05	0.0	-2.1574302e-05	-0.0	3.570142e-08	-0.0	1.131572e-08	-0.0	1.148544e-08	-0.0	3.5755534e-08	-0.0
-0.0027616788	0.0	0.0027625933	0.0	-1.7186721e-08	0.0	-2.8283466e-08	0.0	3.0721367e-08	0.0	1.56424e-08	0.0
2.1582071e-05	0.0	2.1574964e-05	0.0	-4.3500194e-08	0.0	-5.625225e-10	0.0	4.0095642e-09	0.0	-4.2619973e-08	0.0
0.002761681	0.0	-0.002762591	0.0	-1.3969839e-09	0.0	-2.4447218e-09	0.0	2.3283064e-09	0.0	2.7939677e-09	0.0
2.1582071e-05	0.0	2.1574964e-05	0.0	-2.9999654e-08	0.0	-3.2212938e-08	0.0	-3.416011e-08	0.0	-3.2848362e-08	0.0
-0.0027616834	0.0	0.002762597	0.0	1.9833351e-08	0.0	3.0855517e-08	0.0	-2.4692326e-08	0.0	-1.299577e-08	0.0
-4.3164797e-05	0.0	-4.3150587e-05	-0.0	1.7881393e-07	-0.0	5.9604645e-08	-0.0	3.7252903e-08	-0.0	2.9802322e-08	-0.0
-0.0013808431	0.0	0.001381291	-0.0	1.1559223e-08	-0.0	1.2386636e-08	-0.0	-1.388014e-08	-0.0	-1.1883458e-08	-0.0
4.3165124e-05	0.0	4.3150918e-05	-0.0	-8.940697e-08	-0.0	-4.4703484e-08	-0.0	-3.7252903e-08	-0.0	-1.1920929e-07	-0.0
0.0013808408	0.0	-0.0013812864	-0.0	-3.7252903e-09	-0.0	-2.910383e-09	-0.0	1.1175871e-08	-0.0	1.1641532e-08	-0.0
4.3165124e-05	0.0	4.3150918e-05	-0.0	-8.940697e-08	-0.0	-2.9802322e-08	-0.0	-1.4901161e-08	-0.0	-8.940697e-08	-0.0
-0.0013808383	0.0	0.0013812907	-0.0	-6.6015673e-09	-0.0	-8.568122e-09	-0.0	1.4866828e-09	-0.0	1.1550583e-09	-0.0
-8.6330605e-05	0.0	-8.6302185e-05	-0.0	0.0	-0.0	7.450581e-09	-0.0	1.4901161e-08	-0.0	0.0	-0.0
-0.0006904201	0.0	0.00069064426	-0.0	1.8626451e-09	-0.0	1.5366822e-08	-0.0	-1.5366822e-08	-0.0	-4.656613e-09	-0.0
8.6330765e-05	0.0	8.630234e-05	0.0	7.450581e-09	-0.0	1.8626451e-08	-0.0	1.8626451e-08	-0.0	0.0	-0.0
0.0006904199	0.0	-0.00069064734	0.0	3.7252903e-09	0.0	-2.3283064e-09	0.0	3.259629e-09	0.0	-3.7252903e-09	0.0
8.6330765e-05	0.0	8.630234e-05	0.0	-7.450581e-09	0.0	3.7252903e-09	-0.0	0.0	-0.0	-2.2351742e-08	0.0
-0.0006904207	0.0	0.00069064216	0.0	3.7252903e-09	0.0	-1.3038516e-08	0.0	2.3283064e-09	0.0	-9.313226e-10	0.0
-0.00017266173	0.0	-0.0001726049	0.0	0.0	0.0	3.7252903e-09	0.0	0.0	0.0	-5.9604645e-08	0.0
-0.00034520982	0.0	0.0003453291	-0.0	-1.0244548e-08	-0.0	-7.450581e-09	-0.0	1.0244548e-08	-0.0	1.6763806e-08	-0.0
0.00017266173	0.0	0.00017260491	-0.0	2.2351742e-08	-0.0	1.4901161e-08	-0.0	3.7252903e-09	-0.0	2.2351742e-08	-0.0
0.00034520973	0.0	-0.0003453327	-0.0	3.7252903e-09	-0.0	0.0	-0.0	-1.0244548e-08	-0.0	-1.4901161e-08	-0.0
0.00017266173	0.0	0.00017260491	-0.0	7.450581e-09	-0.0	0.0	-0.0	-7.450581e-09	-0.0	1.4901161e-08	-0.0
-0.00034520993	0.0	0.00034532737	-0.0	4.656613e-09	-0.0	6.519258e-09	-0.0	-6.519258e-09	-0.0	4.656613e-09	-0.0
-0.0003453237	0.0	-0.00034520996	-0.0	-1.4901161e-08	-0.0	0.0	-0.0	0.0	-0.0	-1.4901161e-08	-0.0
-0.00017260807	0.0	0.00017266722	-0.0	1.8626451e-09	-0.0	1.4901161e-08	-0.0	-8.381903e-09	-0.0	-5.5879354e-09	-0.0
0.00034532376	0.0	0.00034521	-0.0	2.6077032e-08	-0.0	5.5879354e-09	-0.0	1.8626451e-09	-0.0	7.450581e-09	-0.0
0.00017260486	0.0	-0.00017266172	0.0	1.8626451e-08	0.0	1.8626451e-09	0.0	9.313226e-10	0.0	-1.8626451e-08	0.0
0.00034532376	0.0	0.00034521	0.0	1.8626451e-08	0.0	0.0	0.0	7.450581e-09	0.0	-7.450581e-09	0.0
-0.00017260155	0.0	0.00017266536	0.0	-7.450581e-09	0.0	-1.5832484e-08	0.0	1.3038516e-08	0.0	0.0	0.0
-0.00069064734	0.0	-0.0006904199	-0.0	-1.8626451e-08	-0.0	7.450581e-09	-0.0	1.1175871e-08	-0.0	-1.1175871e-08	-0.0
-8.6307926e-05	0.0	8.6332635e-05	0.0	1.1175871e-08	0.0	9.313226e-09	0.0	-1.4901161e-08	0.0	-7.450581e-09	0.0
0.0006906475	0.0	0.00069042004	-0.0	7.450581e-09	-0.0	-1.3038516e-08	-0.0	-8.8475645e-09	-0.0	6.519258e-09	-0.0
8.630249e-05	0.0	-8.6321634e-05	-0.0	2.2351742e-08	-0.0	-5.5879354e-09	-0.0	1.1175871e-08	-0.0	0.0	-0.0
0.0006906475	0.0	0.00069042004	-0.0	1.5832484e-08	-0.0	1.1175871e-08	-0.0	7.916242e-09	-0.0	1.3038516e-08	-0.0
-8.62971e-05	0.0	8.6319946e-05	-0.0	0.0	-0.0	0.0	-0.0	0.0	-0.0	0.0	-0.0
-0.0013812949	0.0	-0.00138084	-0.0	3.7252903e-09	-0.0	-2.7939677e-09	-0.0	-2.7939677e-09	-0.0	3.7252903e-09	-0.0
-4.3147254e-05	0.0	4.3157233e-05	-0.0	0.0	-0.0	-9.313226e-09	-0.0	1.3038516e-08	-0.0	1.1175871e-08	-0.0
0.0013812949	0.0	0.0013808402	-0.0	-1.1175871e-08	-0.0	1.6763806e-08	-0.0	1.3969839e-08	-0.0	-1.8626451e-08	-0.0
4.3150598e-05	0.0	-4.3164804e-05	-0.0	-4.4703484e-08	-0.0	1.1175871e-08	-0.0	-1.1175871e-08	-0.0	4.4703484e-08	-0.0
0.0013812949	0.0	0.0013808402	0.0	-7.450581e-09	0.0	-1.3969839e-08	0.0	-9.313226e-09	0.0	-1.1175871e-08	0.0
-4.3154905e-05	0.0	4.3164066e-05	0.0	1.1175871e-08	0.0	5.5879354e-09	0.0	-1.8626451e-08	0.0	-3.7252903e-09	0.0
-0.0027625903	0.0	-0.0027616804	0.0	2.4214387e-08	-0.0	-5.122274e-09	-0.0	-5.5879354e-09	-0.0	1.3038516e-08	-0.0
-2.1576032e-05	0.0	2.1588236e-05	0.0	-1.4901161e-08	0.0	-1.4901161e-08	0.0	3.7252903e-09	0.0	-1.4901161e-08	0.0
0.0027625903	0.0	0.0027616804	0.0	-1.6763806e-08	0.0	-2.3283064e-09	0.0	-2.3283064e-10	0.0	-1.0244548e-08	0.0
2.1574018e-05	0.0	-2.1590391e-05	-0.0	2.9802322e-08	0.0	3.7252903e-09	-0.0	-3.7252903e-09	0.0	0.0	-0.0
0.0027625903	0.0	0.0027616804	0.0	-1.1175871e-08	0.0	9.313226e-09	0.0	7.21775e-09	0.0	-9.313226e-10	0.0
-2.1573615e-05	0.0	2.1584892e-05	0.0	-1.4901161e-08	-0.0	1.8626451e-08	0.0	-1.8626451e-08	-0.0	1.4901161e-08	0.0
-0.00552518	0.0	-0.0055233603	-0.0	3.7252903e-09	-0.0	1.3969839e-09	-0.0	1.3969839e-09	-0.0	3.7252903e-09	-0.0
-1.0783504e-05	0.0	1.0794014e-05	0.0	4.4703484e-08	0.0	-1.4901161e-08	-0.0	2.2351742e-08	0.0	0.0	-0.0
0.0055251815	0.0	0.0055233617	0.0	5.47152e-09	0.0	-8.178176e-09	0.0	-8.061761e-09	0.0	-2.0954758e-09	0.0
1.0785178e-05	0.0	-1.078873e-05	-0.0	8.940697e-08	0.0	7.450581e-09	-0.0	-7.450581e-09	0.0	-8.940697e-08	-0.0
0.0055251815	0.0	0.0055233617	0.0	1.5716068e-08	0.0	2.066372e-09	0.0	2.1827873e-09	0.0	1.1874363e-08	0.0
-1.0789199e-05	0.0	1.0795059e-05	0.0	1.4901161e-08	0.0	-7.450581e-09	0.0	1.4901161e-08	0.0	5.9604645e-08	0.0
-0.011050363	0.0	-0.011046725	0.0	-2.142042e-08	0.0	6.0535967e-09	0.0	5.820766e-09	0.0	-1.0244548e-08	0.0
-5.3875738e-06	0.0	5.386579e-06	0.0	5.9604645e-08	0.0	-2.2351742e-08	0.0	0.0	0.0	-2.9802322e-08	0.0
0.011050363	0.0	0.011046723	0.0	6.9849193e-10	0.0	-1.2805685e-09	0.0	-2.1536835e-09	0.0	-3.7252903e-09	0.0
5.388928e-06	0.0	-5.3814374e-06	0.0	-1.8626451e-08	0.0	5.5879354e-09	0.0	4.656613e-09	0.0	1.8626451e-08	0.0
0.011050363	0.0	0.011046723	0.0	1.9324943e-08	0.0	-5.47152e-09	0.0	-4.0163286e-09	0.0	1.3038516e-08	0.0
-5.3952626e-06	0.0	5.3905414e-06	0.0	4.4703484e-08	0.0	-2.2351742e-08	-0.0	1.4901161e-08	0.0	-1.4901161e-08	-0.0
-0.022100728	0.0	-0.02209345	-0.0	1.0366519e-09	-0.0	3.255436e-10	0.0	3.3046454e-10	0.0	1.0382069e-09	-0.0
-2.6909006e-06	0.0	2.6899438e-06	0.0	3.7252903e-09	-0.0	-6.9849193e-09	0.0	-9.313226e-10	-0.0	-7.450581e-09	0.0
0.022100732	0.0	0.022093456	0.0	-2.6585598e-08	-0.0	6.1342376e-09	0.0	5.3252034e-09	0.0	-2.0143478e-08	-0.0
2.6864172e-06	0.0	-2.6873017e-06	0.0	-1.1001461e-08	0.0	3.4552698e-09	0.0	-3.5073953e-09	-0.0	1.1017946e-08	0.0
0.022100732	0.0	0.022093456	0.0	3.2167247e-09	-0.0	-3.8502046e-10	0.0	-2.6273206e-10	0.0	7.796198e-09	-0.0
-2.6927614e-06	0.0	2.686224e-06	0.0	7.450581e-09	-0.0	1.3969839e-09	0.0	-4.656613e-09	-0.0	-7.450581e-09	0.0
-0.04420146	0.0	-0.04418691	0.0	2.3541162e-08	0.0	-5.6950835e-09	0.0	-5.0075197e-09	0.0	1.2519848e-08	0.0
-1.338489e-06	0.0	1.3412921e-06	0.0	5.374904e-09	0.0	9.159434e-09	0.0	-1.833401e-09	0.0	-5.0146785e-09	0.0
0.044201463	0.0	0.044186905	0.0	-2.4327699e-08	0.0	4.974865e-09	0.0	3.6932022e-09	0.0	-1.3696846e-08	0.0
1.327115e-06	0.0	-1.3368171e-06	0.0	-1.6403309e-08	0.0	1.8327757e-09	0.0	-1.3199061e-08	0.0	8.224006e-09	0.0
0.044201463	0.0	0.044186905	0.0	-1.9759572e-09	0.0	-1.474092e-10	0.0	4.3357318e-10	0.0	-1.5896529e-09	0.0
-1.337102e-06	0.0	1.3444453e-06	0.0	1.6550775e-08	0.0	-1.2726646e-08	0.0	1.679305e-08	0.0	-8.739969e-09	0.0
-0.08840293	0.0	-0.088373825	-0.0	5.4385367e-09	0.0	1.7080808e-09	-0.0	1.7338451e-09	-0.0	5.4466884e-09	0.0
-6.5114205e-07	0.0	6.5505486e-07	0.0	7.084804e-10	0.0	-4.3734358e-10	0.0	1.12425536e-08	0.0	5.2438835e-09	0.0
0.08840293	0.0	0.08837382	0.0	4.9947158e-09	-0.0	-8.4680885e-09	0.0	-7.923582e-09	0.0	4.5961634e-09	-0.0
6.320983e-07	0.0	-6.323064e-07	0.0	-2.590827e-09	-0.0	8.1371176e-10	0.0	-8.2598284e-10	0.0	2.5947173e-09	0.0
0.08840293	0.0	0.08837382	0.0	4.9947158e-09	-0.0	-1.4831691e-09	0.0	-1.4043238e-09	0.0	-5.648385e-09	-0.0
-6.549028e-07	0.0	6.6068554e-07	0.0	1.5609642e-08	0.0	-1.3686662e-09	0.0	1.9293283e-09	0.0	-1.3382568e-08	0.0
-0.17680582	0.0	-0.17674764	0.0	-9.9488355e-09	0.0	9.9640385e-09	0.0	9.340853e-09	0.0	1.0928587e-09	0.0
-2.9342448e-07	0.0	2.9086743e-07	0.0	4.1087613e-09	0.0	-1.0096356e-08	0.0	7.225788e-09	0.0	-2.6163587e-09	0.0
0.17680582	0.0	0.17674752	0.0	8.069475e-09	0.0	-3.279265e-08	0.0	-3.9463014e-08	0.0	3.4716745e-09	0.0
2.5313034e-07	0.0	-2.439483e-07	0.0	9.9281525e-09	0.0	2.009175e-10	0.0	1.1134694e-08	0.0	-1.739151e-09	0.0
0.17680584	0.0	0.17674752	0.0	-9.1599945e-09	0.0	1.9361426e-08	0.0	2.6602688e-08	0.0	-1.562044e-08	0.0
-2.9682502e-07	0.0	2.90311e-07	0.0	-1.2655038e-08	0.0	9.461422e-09	0.0	-1.7919923e-08	0.0	2.9715679e-09	0.0
