-1.3840565e-08	-0.0	9.5357314e-07	-0.0
-2.2545191e-07	0.0	-3.6705394e-08	0.0
2.1308297e-08	0.0	-9.527844e-07	0.0
2.4660716e-07	0.0	2.0377572e-08	0.0
2.1449566e-08	0.0	-9.5318376e-07	0.0
-2.3864882e-07	0.0	-3.6881616e-08	0.0
-2.1504e-08	0.0	1.9063737e-06	0.0
-1.5747989e-07	0.0	-8.632258e-09	0.0
1.5330947e-08	0.0	-1.8992982e-06	0.0
1.1142334e-07	0.0	-8.734804e-08	0.0
1.5120442e-08	0.0	-1.9190925e-06	0.0
-8.890039e-08	0.0	-7.5714635e-09	0.0
-3.6808657e-08	0.0	3.817275e-06	0.0
-7.727428e-08	0.0	3.4789927e-08	0.0
4.388346e-08	0.0	-3.7999362e-06	0.0
1.027683e-07	0.0	-6.206522e-08	0.0
4.4415174e-08	0.0	-3.8291137e-06	0.0
-1.0944219e-08	0.0	3.5915754e-08	0.0
-1.0790828e-07	0.0	7.62141e-06	0.0
-3.4657518e-08	0.0	1.9621691e-08	0.0
1.2007901e-07	0.0	-7.6422275e-06	0.0
2.4650197e-08	0.0	-2.1972344e-08	0.0
1.1897167e-07	0.0	-7.6260712e-06	0.0
-3.218793e-08	0.0	2.0186413e-08	0.0
-2.3746645e-07	0.0	1.5263995e-05	0.0
-5.1407383e-08	0.0	1.5078577e-08	0.0
2.2921205e-07	0.0	-1.5265061e-05	0.0
2.205742e-08	0.0	-1.9060804e-08	0.0
2.2862423e-07	0.0	-1.5256272e-05	0.0
3.3805584e-08	0.0	1.617548e-08	0.0
-4.4339671e-07	0.0	3.050852e-05	0.0
1.2704585e-08	0.0	7.003327e-09	0.0
4.3437265e-07	0.0	-3.050381e-05	0.0
-3.0097924e-09	0.0	-5.0899995e-09	0.0
4.347826e-07	0.0	-3.051867e-05	0.0
-1.9068649e-08	0.0	6.9176993e-09	0.0
-8.67859e-07	0.0	6.103635e-05	0.0
-2.734473e-08	0.0	-2.1164226e-10	0.0
8.783922e-07	0.0	-6.1028943e-05	0.0
3.0560155e-08	0.0	3.9364756e-09	0.0
8.7732445e-07	0.0	-6.103386e-05	0.0
-5.591974e-08	0.0	-1.6950965e-09	0.0
-1.7724137e-06	0.0	0.00012206996	0.0
-5.0900525e-08	0.0	-2.8371332e-09	0.0
1.778603e-06	0.0	-0.00012204484	0.0
-1.6883199e-08	0.0	1.0114842e-09	0.0
1.7797562e-06	0.0	-0.00012207733	0.0
2.5029465e-08	0.0	-2.5354145e-09	0.0
-3.560338e-06	0.0	0.00024412933	0.0
5.5452567e-08	0.0	1.9658262e-09	0.0
3.5515304e-06	0.0	-0.0002440614	-0.0
1.8601344e-08	0.0	-6.720984e-09	0.0
3.5537423e-06	0.0	-0.0002442209	0.0
-8.148363e-08	0.0	2.4947022e-10	0.0
-7.086096e-06	0.0	0.00048826137	0.0
-1.3494568e-07	0.0	4.7259663e-10	0.0
7.078006e-06	0.0	-0.00048825052	-0.0
-5.463781e-08	0.0	1.9996582e-10	0.0
7.0773613e-06	0.0	-0.00048824237	-0.0
8.659895e-08	0.0	3.630332e-09	-0.0
-1.415714e-05	0.0	0.0009764586	0.0
-1.4134962e-07	0.0	-3.73255e-09	-0.0
1.4164217e-05	0.0	-0.0009764655	0.0
1.46296095e-08	0.0	4.0852646e-09	-0.0
1.416445e-05	0.0	-0.00097647484	0.0
-2.3824953e-08	0.0	-2.3274633e-09	0.0
-2.834481e-05	0.0	0.0019529364	0.0
1.1411049e-07	0.0	-1.2670922e-09	0.0
2.8354796e-05	0.0	-0.0019529421	0.0
-5.821123e-09	0.0	-1.0236558e-09	-0.0
2.8355029e-05	0.0	-0.0019529496	-0.0
-1.6186402e-07	0.0	-5.0665285e-09	-0.0
-5.6708195e-05	0.0	0.0039058668	-0.0
3.7764067e-09	0.0	2.9523284e-09	-0.0
5.669947e-05	0.0	-0.0039059026	-0.0
3.098303e-08	0.0	-3.9953907e-09	-0.0
5.669808e-05	0.0	-0.0039057839	-0.0
3.248484e-08	0.0	2.3419164e-09	0.0
-0.000113383576	0.0	0.0078117372	0.0
-1.3146848e-07	0.0	-2.4134934e-09	0.0
0.00011337423	0.0	-0.007811685	0.0
-6.89635e-08	0.0	2.4037448e-09	0.0
0.00011337518	0.0	-0.007811716	-0.0
6.865946e-08	0.0	7.7773876e-10	-0.0
-0.00022674684	0.0	0.0156234	-0.0
-1.315442e-08	0.0	-9.51282e-09	-0.0
0.00022675551	0.0	-0.015623299	-0.0
-2.893389e-08	0.0	2.8431415e-08	-0.0
0.00022675689	0.0	-0.015623424	-0.0
6.528943e-08	0.0	-8.896514e-09	-0.0
-0.00045352965	0.0	0.03124671	0.0
1.07947315e-07	0.0	-1.4146053e-08	0.0
0.00045353585	0.0	-0.031246655	0.0
-2.4373541e-08	0.0	3.148559e-08	-0.0
0.00045353646	0.0	-0.03124673	-0.0
9.35465e-10	0.0	-1.5866041e-08	-0.0
-0.0009070727	0.0	0.062493376	-0.0
2.758945e-08	0.0	9.774071e-09	-0.0
0.0009070658	0.0	-0.062493384	-0.0
-1.561525e-08	0.0	-4.2252594e-08	-0.0
0.0009070658	0.0	-0.062493384	-0.0
-3.0716038e-08	0.0	1.0055674e-08	-0.0
-0.0018141132	0.0	0.12498677	-0.0
-1.0294679e-07	0.0	2.3076545e-08	0.0
0.0018141044	0.0	-0.12498678	0.0
2.472376e-08	0.0	-6.900231e-08	-0.0
0.0018141044	0.0	-0.12498678	-0.0
7.945123e-08	0.0	2.6033065e-08	-0.0
-0.003628212	0.0	0.24997361	-0.0
3.9622655e-08	0.0	1.326848e-08	-0.0
0.003628219	0.0	-0.2499736	-0.0
4.9151057e-09	0.0	-2.4312206e-07	-0.0
0.003628219	0.0	-0.2499736	-0.0
8.330014e-09	0.0	1.3138019e-08	-0.0
-0.0072564576	0.0	0.49994737	-0.0
0.49994737	0.0	0.0072565484	-0.0
-0.0072564753	0.0	0.49994743	-0.0
0.49994737	0.0	0.007256369	-0.0
0.0072564613	0.0	-0.49994752	-0.0
-0.49994737	0.0	-0.007256127	-0.0
1.915032e-08	0.0	-7.8231096e-08	-0.0
-0.24997364	0.0	-0.003628324	-0.0
-1.1204975e-08	0.0	1.8253922e-07	-0.0
0.24997368	0.0	0.0036284067	-0.0
-1.1175871e-08	0.0	1.8253922e-07	-0.0
-0.24997379	0.0	-0.0036283273	-0.0
3.3760443e-09	0.0	-3.0361116e-07	-0.0
-0.12498687	0.0	-0.0018142005	-0.0
6.170012e-09	0.0	1.2665987e-07	-0.0
0.12498679	0.0	0.001814248	-0.0
6.2282197e-09	0.0	1.2293458e-07	-0.0
-0.12498677	0.0	-0.001814199	-0.0
-1.21071935e-08	0.0	-1.7881393e-07	-0.0
-0.062493403	0.0	-0.00090713793	-0.0
7.1013346e-09	0.0	1.2665987e-07	-0.0
0.062493414	0.0	0.0009070846	-0.0
7.043127e-09	0.0	1.2665987e-07	-0.0
-0.062493455	0.0	-0.00090713904	-0.0
1.2805685e-09	0.0	-9.313226e-08	-0.0
-0.031246716	0.0	-0.0004535825	-0.0
-9.604264e-09	0.0	1.8626451e-08	-0.0
0.031246701	0.0	0.00045359146	-0.0
-9.57516e-09	0.0	1.6763806e-08	-0.0
-0.031246651	0.0	-0.00045358195	-0.0
1.6385457e-08	0.0	-1.8626451e-09	-0.0
-0.015623338	0.0	-0.00022681529	-0.0
-8.134521e-09	0.0	2.0489097e-08	-0.0
0.015623306	0.0	0.00022679112	-0.0
-8.134521e-09	0.0	1.6763806e-08	-0.0
-0.015623334	0.0	-0.00022681552	-0.0
1.7898856e-09	0.0	-4.4703484e-08	-0.0
-0.007811663	0.0	-0.00011338924	-0.0
7.683411e-09	0.0	3.0733645e-08	-0.0
0.0078116967	0.0	0.00011338171	-0.0
7.727067e-09	0.0	2.9802322e-08	-0.0
-0.007811723	0.0	-0.00011338877	-0.0
-1.724402e-08	0.0	-5.401671e-08	-0.0
-0.0039058868	0.0	-5.6683e-05	-0.0
7.628842e-09	0.0	6.9849193e-09	-0.0
0.00390594	0.0	5.668807e-05	-0.0
7.359631e-09	0.0	2.6542693e-08	-0.0
-0.0039057937	0.0	-5.66816e-05	-0.0
1.375156e-09	0.0	-5.1455572e-08	-0.0
-0.0019529428	0.0	-2.834554e-05	-0.0
-7.6452125e-09	0.0	-6.9849193e-10	-0.0
0.0019529049	0.0	2.8350856e-05	0.0
-7.79437e-09	0.0	8.381903e-09	-0.0
-0.0019529652	0.0	-2.8346121e-05	-0.0
1.7182174e-08	0.0	-3.0733645e-08	-0.0
-0.00097646745	0.0	-1.4178354e-05	-0.0
-9.381438e-09	0.0	2.514571e-08	-0.0
0.0009764972	0.0	1.4181241e-05	-0.0
-9.447831e-09	0.0	3.0267984e-08	-0.0
-0.00097646745	0.0	-1.4178587e-05	-0.0
-6.9303496e-10	0.0	-1.8102583e-08	-0.0
-0.00048829906	0.0	-7.090125e-06	-0.0
8.4137355e-09	0.0	1.1437805e-08	-0.0
0.0004883	0.0	7.088011e-06	-0.0
8.403731e-09	0.0	1.14087015e-08	-0.0
-0.00048816498	0.0	-7.0884953e-06	-0.0
-1.5618753e-08	0.0	1.193257e-09	0.0
-0.00024407828	0.0	-3.5412882e-06	0.0
8.659981e-09	0.0	1.8655555e-08	-0.0
0.00024411891	0.0	3.5384342e-06	-0.0
8.741381e-09	0.0	1.3853423e-08	-0.0
-0.00024400192	0.0	-3.5400367e-06	0.0
-3.049081e-10	0.0	-2.9976945e-08	0.0
-0.00012204458	0.0	-1.7679342e-06	0.0
-9.488076e-09	0.0	3.0267984e-08	-0.0
0.00012203898	0.0	1.77353e-06	0.0
-9.357336e-09	0.0	1.8859282e-08	-0.0
-0.00012204458	0.0	-1.7679342e-06	0.0
1.7097477e-08	0.0	-1.0877557e-08	0.0
-6.100549e-05	0.0	-8.8832604e-07	0.0
-7.4459194e-09	0.0	-4.794856e-09	-0.0
6.102785e-05	0.0	8.901887e-07	0.0
-7.61986e-09	0.0	4.794856e-09	-0.0
-6.0990587e-05	0.0	-8.8850067e-07	0.0
7.127028e-10	0.0	-5.151378e-09	0.0
-3.0528376e-05	0.0	-4.4466654e-07	0.0
8.025495e-09	0.0	-4.9349183e-09	0.0
3.052734e-05	0.0	4.4148646e-07	0.0
8.065257e-09	0.0	-4.4110493e-09	0.0
-3.0504163e-05	0.0	-4.4428813e-07	0.0
-1.815306e-08	0.0	7.185008e-09	0.0
-1.520889e-05	0.0	-2.1696052e-07	0.0
8.5647685e-09	0.0	-2.2375389e-08	0.0
1.5226724e-05	0.0	2.1534811e-07	-0.0
8.509687e-09	0.0	-1.36788e-08	0.0
-1.52321745e-05	0.0	-2.17499e-07	0.0
6.5114136e-11	0.0	3.5683115e-08	0.0
-7.640534e-06	0.0	-1.0526936e-07	0.0
-7.0325967e-09	0.0	-2.6501311e-08	0.0
7.6079523e-06	0.0	1.0853556e-07	-0.0
-7.039759e-09	0.0	-2.615161e-08	0.0
-7.6018837e-06	0.0	-1.04920076e-07	0.0
1.5151954e-08	0.0	5.2799805e-08	0.0
-3.8404455e-06	0.0	-5.9498227e-08	0.0
-8.024887e-09	0.0	-4.9440814e-08	0.0
3.8162725e-06	0.0	6.0973946e-08	-0.0
-7.846449e-09	0.0	-5.863899e-08	0.0
-3.7745547e-06	0.0	-5.8323117e-08	0.0
-4.5465036e-09	0.0	1.2638293e-07	0.0
-1.9055499e-06	0.0	-1.9085805e-08	0.0
1.2915901e-08	0.0	-1.1755003e-07	0.0
1.8674384e-06	0.0	4.607426e-08	0.0
1.2970121e-08	0.0	-1.2037822e-07	0.0
-1.946645e-06	0.0	-1.9644244e-08	0.0
-2.2013772e-08	0.0	2.3541247e-07	0.0
-9.2087436e-07	0.0	-1.426635e-08	0.0
1.5910707e-08	0.0	-2.3573841e-07	0.0
9.570883e-07	0.0	1.10169e-07	-0.0
1.5920502e-08	0.0	-2.3695293e-07	0.0
-9.69769e-07	0.0	-1.5169478e-08	0.0
-1.3097407e-08	0.0	4.7755833e-07	0.0
-4.8845106e-07	0.0	-5.7374244e-08	0.0
-6.012444e-10	0.0	-4.7815604e-07	0.0
4.6410076e-07	0.0	7.358667e-08	0.0
-6.3491434e-10	0.0	-4.765953e-07	0.0
-4.688641e-07	0.0	-5.6967245e-08	0.0
